23,88,66,55
24.0,87.0,66,55
24.0,87.0,66,55
23.0,88.0,66,55
24.0,88.0,66,55
24.0,88.0,66,55
24.0,88.0,66,55
24.0,89.0,66,55
24.0,88.0,66,55
24.0,87.0,66,55
24.0,87.0,66,55
24.0,87.0,66,55
25.0,86.0,66,55
25.0,85.0,66,55
25.0,84.0,66,55
25.0,83.0,66,55
25.0,82.0,66,55
26.0,81.0,66,55
26.0,81.0,66,55
26.0,81.0,66,55
27.0,81.0,66,55
27.0,81.0,66,55
27.0,82.0,66,55
28.0,82.0,66,55
28.0,82.0,66,55
28.0,82.0,66,55
29.0,81.0,66,55
29.0,81.0,66,55
30.0,81.0,66,55
30.0,81.0,66,55
30.0,81.0,66,55
31.0,81.0,66,55
31.0,81.0,66,55
32.0,81.0,66,55
32.0,80.0,66,55
32.0,80.0,66,55
32.0,79.0,66,55
33.0,78.0,66,55
33.0,77.0,66,55
34.0,76.0,66,55
34.0,75.0,66,55
35.0,75.0,66,55
35.0,75.0,66,55
35.0,75.0,66,55
36.0,76.0,66,55
36.0,77.0,66,55
36.0,78.0,66,55
36.0,79.0,66,55
36.0,80.0,66,55
36.0,80.0,66,55
36.0,80.0,66,55
37.0,79.0,66,55
36.0,79.0,66,55
36.0,78.0,66,55
37.0,78.0,66,55
37.0,78.0,66,55
37.0,79.0,66,55
37.0,79.0,66,55
37.0,79.0,66,55
37.0,81.0,66,55
37.0,81.0,66,55
37.0,81.0,66,55
38.0,81.0,66,55
38.0,81.0,66,55
38.0,81.0,66,55
38.0,81.0,66,55
38.0,80.0,66,55
38.0,79.0,66,55
38.0,79.0,66,55
38.0,79.0,66,55
38.0,78.0,66,55
39.0,77.0,66,55
39.0,77.0,66,55
39.0,77.0,66,55
40.0,76.0,66,55
40.0,76.0,66,55
40.0,77.0,66,55
40.0,76.0,66,55
41.0,75.0,66,55
41.0,75.0,66,55
41.0,75.0,66,55
42.0,75.0,66,55
42.0,74.0,66,55
42.0,73.0,66,55
43.0,73.0,66,55
42.0,73.0,66,55
43.0,74.0,66,55
43.0,74.0,66,55
43.0,74.0,66,55
43.0,74.0,66,55
44.0,74.0,66,55
44.0,73.0,66,55
44.0,73.0,66,55
44.0,72.0,66,55
44.0,72.0,66,55
45.0,72.0,66,55
45.0,72.0,66,55
45.0,72.0,66,55
45.0,72.0,66,55
45.0,72.0,66,55
45.0,72.0,66,55
45.0,72.0,66,55
45.0,73.0,66,55
45.0,73.0,66,55
45.0,72.0,66,55
44.0,71.0,66,55
45.0,69.0,66,55
45.0,68.0,66,55
45.0,66.0,66,55
45.0,64.0,66,55
45.0,64.0,66,55
45.0,64.0,66,55
45.0,64.0,66,55
45.0,64.0,66,55
44.0,64.0,66,55
45.0,65.0,66,55
45.0,66.0,66,55
44.0,67.0,66,55
44.0,69.0,66,55
44.0,70.0,66,55
44.0,70.0,66,55
44.0,71.0,66,55
44.0,71.0,66,55
44.0,70.0,66,55
44.0,69.0,66,55
44.0,68.0,66,55
44.0,67.0,66,55
44.0,66.0,66,55
44.0,65.0,66,55
44.0,65.0,66,55
44.0,66.0,66,55
43.0,66.0,66,55
43.0,66.0,66,55
43.0,67.0,66,55
42.0,67.0,66,55
41.0,67.0,66,55
40.0,67.0,66,55
40.0,67.0,66,55
39.0,67.0,66,55
39.0,67.0,66,55
38.0,67.0,66,55
38.0,66.0,66,55
37.0,66.0,66,55
37.0,66.0,66,55
37.0,66.0,66,55
37.0,66.0,66,55
36.0,66.0,66,55
36.0,66.0,66,55
36.0,66.0,66,55
36.0,67.0,66,55
35.0,68.0,66,55
35.0,68.0,66,55
34.0,68.0,66,55
34.0,68.0,66,55
33.0,67.0,66,55
33.0,66.0,66,55
33.0,65.0,66,55
32.0,63.0,66,55
32.0,64.0,66,55
31.0,64.0,66,55
31.0,64.0,66,55
30.0,65.0,66,55
30.0,66.0,66,55
29.0,66.0,66,55
28.0,67.0,66,55
28.0,67.0,66,55
27.0,67.0,66,55
27.0,67.0,66,55
26.0,67.0,66,55
26.0,67.0,66,55
25.0,67.0,66,55
25.0,67.0,66,55
24.0,67.0,66,55
24.0,67.0,66,55
23.0,67.0,66,55
23.0,67.0,66,55
23.0,67.0,66,55
22.0,67.0,66,55
22.0,67.0,66,55
22.0,67.0,66,55
23.0,68.0,66,55
24.0,68.0,66,55
25.0,68.0,66,55
24.0,68.0,66,55
23.0,68.0,66,55
23.0,68.0,66,55
22.0,68.0,66,55
22.0,68.0,66,55
21.0,68.0,66,55
21.0,69.0,66,55
20.0,69.0,66,55
19.0,70.0,66,55
19.0,70.0,66,55
18.0,70.0,66,55
18.0,71.0,66,55
17.0,71.0,66,55
16.0,71.0,66,55
15.0,72.0,66,55
13.0,72.0,66,55
13.0,72.0,66,55
13.0,73.0,66,55
12.0,74.0,66,55
12.0,74.0,66,55
11.0,73.0,66,55
12.0,74.0,66,55
13.0,74.0,66,55
13.0,73.0,66,55
13.0,73.0,66,55
12.0,72.0,66,55
12.0,70.0,66,55
12.0,70.0,66,55
12.0,69.0,66,55
12.0,68.0,66,55
12.0,68.0,66,55
12.0,68.0,66,55
12.0,68.0,66,55
11.0,69.0,66,55
9.0,70.0,66,55
8.0,70.0,66,55
8.0,71.0,66,55
9.0,72.0,66,55
9.0,71.0,66,55
9.0,71.0,66,55
9.0,72.0,66,55
10.0,71.0,66,55
9.0,71.0,66,55
10.0,71.0,66,55
10.0,70.0,66,55
10.0,70.0,66,55
10.0,70.0,66,55
10.0,69.0,66,55
10.0,69.0,66,55
11.0,70.0,66,55
10.0,70.0,66,55
10.0,71.0,66,55
10.0,73.0,66,55
10.0,73.0,66,55
10.0,74.0,66,55
10.0,74.0,66,55
10.0,74.0,66,55
10.0,73.0,66,55
11.0,72.0,66,55
11.0,72.0,66,55
11.0,72.0,66,55
12.0,71.0,66,55
13.0,72.0,66,55
15.0,73.0,66,55
16.0,73.0,66,55
17.0,74.0,66,55
18.0,74.0,66,55
19.0,74.0,66,55
20.0,74.0,66,55
21.0,74.0,66,55
22.0,73.0,66,55
23.0,73.0,66,55
25.0,72.0,66,55
26.0,73.0,66,55
27.0,73.0,66,55
28.0,74.0,66,55
30.0,75.0,66,55
31.0,75.0,66,55
32.0,76.0,66,55
33.0,77.0,66,55
35.0,77.0,66,55
36.0,77.0,66,55
37.0,78.0,66,55
38.0,79.0,66,55
39.0,80.0,66,55
40.0,80.0,66,55
41.0,80.0,66,55
42.0,81.0,66,55
43.0,82.0,66,55
44.0,82.0,66,55
45.0,83.0,66,55
47.0,83.0,66,55
48.0,83.0,66,55
49.0,83.0,66,55
50.0,83.0,66,55
51.0,82.0,66,55
53.0,81.0,66,55
54.0,80.0,66,55
55.0,80.0,66,55
56.0,81.0,66,55
58.0,81.0,66,55
59.0,82.0,66,55
61.0,83.0,66,55
62.0,83.0,66,55
63.0,84.0,66,55
65.0,84.0,66,55
66.0,84.0,66,55
67.0,84.0,66,55
69.0,83.0,66,55
70.0,83.0,66,55
71.0,84.0,66,55
73.0,84.0,66,55
74.0,84.0,66,55
75.0,85.0,66,55
76.0,85.0,66,55
77.0,85.0,66,55
79.0,85.0,66,55
80.0,85.0,66,55
82.0,85.0,66,55
83.0,86.0,66,55
85.0,86.0,66,55
86.0,87.0,66,55
87.0,87.0,66,55
88.0,87.0,66,55
89.0,88.0,66,55
90.0,89.0,66,55
91.0,89.0,66,55
93.0,89.0,66,55
94.0,89.0,66,55
96.0,89.0,66,55
97.0,89.0,66,55
98.0,90.0,66,55
100.0,90.0,66,55
102.0,92.0,66,55
103.0,93.0,66,55
105.0,94.0,66,55
106.0,95.0,66,55
108.0,96.0,66,55
109.0,97.0,66,55
110.0,97.0,66,55
111.0,98.0,66,55
113.0,99.0,66,55
114.0,99.0,66,55
115.0,99.0,66,55
116.0,99.0,66,55
116.0,100.0,66,55
117.0,100.0,66,55
118.0,100.0,66,55
118.0,100.0,66,55
118.0,100.0,66,55
119.0,100.0,66,55
120.0,101.0,66,55
122.0,102.0,66,55
122.0,102.0,66,55
124.0,103.0,66,55
124.0,104.0,66,55
125.0,104.0,66,55
127.0,105.0,66,55
128.0,105.0,66,55
129.0,106.0,66,55
130.0,108.0,66,55
131.0,109.0,66,55
133.0,109.0,66,55
134.0,110.0,66,55
135.0,110.0,66,55
137.0,111.0,66,55
139.0,112.0,66,55
141.0,112.0,66,55
143.0,113.0,66,55
144.0,113.0,66,55
144.0,113.0,66,55
144.0,114.0,66,55
143.0,114.0,66,55
160.0,127.0,66,55
161.0,128.0,66,55
166.0,129.0,66,55
171.0,131.0,66,55
173.0,133.0,66,55
175.0,134.0,66,55
179.0,137.0,66,55
190.0,142.0,66,55
198.0,148.0,66,55
205.0,153.0,66,55
214.0,159.0,66,55
223.0,166.0,68.0,57.0
238.0,180.0,58.0,47.0
248.0,191.0,58.0,47.0
263.0,204.0,58.0,47.0
302.0,213.0,58.0,47.0
315.0,211.0,68.0,57.0
312.0,206.0,76.0,65.0
328.0,216.0,76.0,65.0
318.0,192.0,68.0,57.0
316.0,191.0,68.0,57.0
317.0,192.0,68.0,57.0
317.0,192.0,68.0,57.0
318.0,191.0,68.0,57.0
312.0,185.0,81.0,70.0
302.0,147.0,58.0,47.0
307.0,150.0,58.0,47.0
309.0,160.0,58.0,47.0
305.0,157.0,81.0,70.0
313.0,164.0,81.0,70.0
310.0,183.0,76.0,65.0
312.0,178.0,76.0,65.0
317.0,170.0,76.0,65.0
312.0,185.0,76.0,65.0
316.0,200.0,76.0,65.0
312.0,204.0,81.0,70.0
313.0,220.0,81.0,70.0
334.0,249.0,54.0,43.0
329.0,198.0,54.0,43.0
307.0,179.0,54.0,43.0
320.0,189.0,54.0,43.0
322.0,193.0,54.0,43.0
323.0,195.0,54.0,43.0
322.0,196.0,54.0,43.0
322.0,195.0,54.0,43.0
317.0,189.0,68.0,57.0
303.0,206.0,68.0,57.0
314.0,203.0,81.0,70.0
303.0,204.0,76.0,65.0
316.0,204.0,76.0,65.0
302.0,203.0,76.0,65.0
308.0,199.0,86.0,75.0
323.0,208.0,86.0,75.0
316.0,184.0,76.0,65.0
323.0,183.0,76.0,65.0
330.0,189.0,76.0,65.0
322.0,199.0,76.0,65.0
327.0,206.0,76.0,65.0
330.0,219.0,76.0,65.0
354.0,242.0,58.0,47.0
439.0,207.0,86.0,75.0
538.0,213.0,86.0,75.0