144,63,57,89
143.0,62.0,57,89
143.0,63.0,57,89
143.0,63.0,57,89
143.0,63.0,57,89
143.0,63.0,57,89
143.0,63.0,57,89
143.0,63.0,57,89
143.0,63.0,57,89
143.0,63.0,57,89
143.0,63.0,57,89
143.0,63.0,57,89
143.0,63.0,57,89
143.0,63.0,57,89
143.0,63.0,57,89
143.0,63.0,57,89
143.0,63.0,57,89
143.0,63.0,57,89
143.0,63.0,57,89
143.0,63.0,57,89
143.0,63.0,57,89
143.0,63.0,57,89
143.0,63.0,57,89
143.0,63.0,57,89
143.0,63.0,57,89
143.0,63.0,57,89
143.0,63.0,57,89
143.0,63.0,57,89
143.0,63.0,57,89
143.0,63.0,57,89
143.0,63.0,57,89
143.0,63.0,57,89
143.0,63.0,57,89
143.0,63.0,57,89
143.0,63.0,57,89
143.0,63.0,57,89
143.0,63.0,57,89
143.0,63.0,57,89
142.0,63.0,57,89
142.0,63.0,57,89
142.0,62.0,57,89
143.0,62.0,57,89
143.0,61.0,57,89
143.0,60.0,57,89
143.0,60.0,57,89
143.0,60.0,57,89
143.0,61.0,57,89
143.0,61.0,57,89
143.0,62.0,57,89
143.0,63.0,57,89
142.0,64.0,57,89
142.0,64.0,57,89
142.0,63.0,57,89
142.0,63.0,57,89
142.0,63.0,57,89
142.0,63.0,57,89
142.0,63.0,57,89
141.0,62.0,57,89
141.0,62.0,57,89
141.0,62.0,57,89
141.0,62.0,57,89
141.0,62.0,57,89
141.0,62.0,57,89
142.0,62.0,57,89
142.0,62.0,57,89
142.0,62.0,57,89
143.0,62.0,57,89
143.0,62.0,57,89
143.0,62.0,57,89
143.0,62.0,57,89
143.0,62.0,57,89
143.0,62.0,57,89
143.0,62.0,57,89
143.0,62.0,57,89
142.0,62.0,57,89
142.0,62.0,57,89
142.0,62.0,57,89
142.0,62.0,57,89
142.0,62.0,57,89
142.0,62.0,57,89
142.0,62.0,57,89
142.0,62.0,57,89
142.0,62.0,57,89
142.0,62.0,57,89
142.0,61.0,57,89
142.0,61.0,57,89
142.0,61.0,57,89
142.0,62.0,57,89
143.0,62.0,57,89
143.0,62.0,57,89
143.0,62.0,57,89
143.0,62.0,57,89
143.0,62.0,57,89
142.0,62.0,57,89
142.0,62.0,57,89
142.0,62.0,57,89
142.0,62.0,57,89
142.0,62.0,57,89
142.0,62.0,57,89
142.0,62.0,57,89
142.0,62.0,57,89
142.0,62.0,57,89
142.0,62.0,57,89
142.0,62.0,57,89
142.0,62.0,57,89
142.0,62.0,57,89
142.0,62.0,57,89
142.0,62.0,57,89
141.0,61.0,57,89
142.0,60.0,57,89
142.0,60.0,57,89
141.0,61.0,57,89
142.0,61.0,57,89
142.0,61.0,57,89
142.0,60.0,57,89
142.0,60.0,57,89
142.0,60.0,57,89
142.0,61.0,57,89
142.0,61.0,57,89
142.0,61.0,57,89
142.0,61.0,57,89
142.0,61.0,57,89
141.0,61.0,57,89
140.0,60.0,57,89
139.0,60.0,57,89
137.0,60.0,57,89
135.0,60.0,57,89
130.0,61.0,57,89
125.0,61.0,57,89
121.0,62.0,57,89
117.0,62.0,57,89
113.0,62.0,57,89
107.0,62.0,57,89
102.0,62.0,57,89
100.0,61.0,57,89
100.0,61.0,57,89
100.0,61.0,57,89
100.0,61.0,57,89
100.0,61.0,57,89
100.0,61.0,57,89
100.0,61.0,57,89
100.0,61.0,57,89
100.0,61.0,57,89
100.0,61.0,57,89
100.0,61.0,57,89
100.0,61.0,57,89
100.0,61.0,57,89
101.0,61.0,57,89
101.0,61.0,57,89
102.0,60.0,57,89
102.0,61.0,57,89
103.0,61.0,57,89
103.0,61.0,57,89
103.0,61.0,57,89
103.0,60.0,57,89
103.0,60.0,57,89
103.0,60.0,57,89
103.0,60.0,57,89
102.0,60.0,57,89
102.0,61.0,57,89
102.0,61.0,57,89
101.0,61.0,57,89
101.0,61.0,57,89
101.0,62.0,57,89
100.0,62.0,57,89
100.0,61.0,57,89
100.0,59.0,57,89
100.0,58.0,57,89
99.0,57.0,57,89
98.0,57.0,57,89
98.0,57.0,57,89
97.0,57.0,57,89
97.0,57.0,57,89
98.0,56.0,57,89
98.0,58.0,57,89
98.0,59.0,57,89
98.0,59.0,57,89
98.0,59.0,57,89
98.0,60.0,57,89
98.0,61.0,57,89
99.0,62.0,57,89
99.0,62.0,57,89
99.0,62.0,57,89
99.0,62.0,57,89
99.0,62.0,57,89
98.0,62.0,57,89
96.0,63.0,57,89
92.0,64.0,57,89
89.0,64.0,57,89
86.0,64.0,57,89
83.0,65.0,57,89
80.0,65.0,57,89
76.0,65.0,57,89
71.0,65.0,57,89
66.0,66.0,57,89
63.0,66.0,57,89
61.0,66.0,57,89
59.0,66.0,57,89
57.0,66.0,57,89
55.0,66.0,57,89
53.0,67.0,57,89
51.0,67.0,57,89
51.0,67.0,57,89
50.0,67.0,57,89
50.0,67.0,57,89
49.0,67.0,57,89
48.0,67.0,57,89
48.0,67.0,57,89
48.0,67.0,57,89
48.0,67.0,57,89
48.0,67.0,57,89
48.0,67.0,57,89
48.0,67.0,57,89
48.0,67.0,57,89
48.0,67.0,57,89
48.0,67.0,57,89
48.0,67.0,57,89
48.0,67.0,57,89
48.0,67.0,57,89
48.0,67.0,57,89
48.0,67.0,57,89
48.0,67.0,57,89
48.0,67.0,57,89
48.0,67.0,57,89
48.0,67.0,57,89
48.0,67.0,57,89
48.0,67.0,57,89
48.0,67.0,57,89
48.0,67.0,57,89
48.0,67.0,57,89
48.0,67.0,57,89
48.0,67.0,57,89
49.0,67.0,57,89
51.0,67.0,57,89
55.0,67.0,57,89
58.0,68.0,57,89
62.0,68.0,57,89
66.0,68.0,57,89
71.0,68.0,57,89
76.0,68.0,57,89
79.0,68.0,57,89
82.0,68.0,57,89
85.0,68.0,57,89
89.0,67.0,57,89
92.0,67.0,57,89
96.0,66.0,57,89
98.0,66.0,57,89
100.0,66.0,57,89
102.0,66.0,57,89
104.0,65.0,57,89
107.0,65.0,57,89
108.0,64.0,57,89
108.0,64.0,57,89
108.0,64.0,57,89
108.0,64.0,57,89
108.0,64.0,57,89
108.0,64.0,57,89
107.0,64.0,57,89
105.0,64.0,57,89
102.0,64.0,57,89
98.0,65.0,57,89
93.0,65.0,57,89
89.0,65.0,57,89
85.0,65.0,57,89
81.0,66.0,57,89
78.0,66.0,57,89
76.0,66.0,57,89
74.0,66.0,57,89
72.0,66.0,57,89
71.0,66.0,57,89
71.0,66.0,57,89
71.0,66.0,57,89
71.0,66.0,57,89
73.0,66.0,57,89
76.0,66.0,57,89
80.0,66.0,57,89
84.0,67.0,57,89
89.0,67.0,57,89
94.0,67.0,57,89
98.0,68.0,57,89
101.0,68.0,57,89
103.0,68.0,57,89
105.0,68.0,57,89
107.0,68.0,57,89
107.0,68.0,57,89
107.0,68.0,57,89
107.0,68.0,57,89
107.0,68.0,57,89
106.0,68.0,57,89
106.0,67.0,57,89
104.0,67.0,57,89
102.0,67.0,57,89
98.0,67.0,57,89
94.0,67.0,57,89
90.0,67.0,57,89
86.0,67.0,57,89
82.0,67.0,57,89
78.0,66.0,57,89
74.0,67.0,57,89
70.0,67.0,57,89
67.0,67.0,57,89
64.0,67.0,57,89
61.0,67.0,57,89
60.0,67.0,57,89
60.0,67.0,57,89
60.0,67.0,57,89
60.0,66.0,57,89
61.0,65.0,57,89
61.0,65.0,57,89
61.0,65.0,57,89
60.0,65.0,57,89
60.0,65.0,57,89
60.0,65.0,57,89
60.0,65.0,57,89
60.0,65.0,57,89
60.0,65.0,57,89
60.0,65.0,57,89
60.0,65.0,57,89
60.0,65.0,57,89
60.0,65.0,57,89
60.0,65.0,57,89
60.0,65.0,57,89
60.0,65.0,57,89
60.0,65.0,57,89
60.0,65.0,57,89
60.0,65.0,57,89
60.0,65.0,57,89