177,51,21,129
176.0,50.0,21,129
177.0,51.0,21,129
177.0,51.0,21,129
177.0,51.0,21,129
177.0,51.0,21,129
177.0,51.0,21,129
177.0,51.0,21,129
176.0,51.0,21,129
176.0,51.0,21,129
176.0,51.0,21,129
176.0,51.0,21,129
176.0,51.0,21,129
176.0,51.0,21,129
175.0,51.0,21,129
175.0,51.0,21,129
175.0,51.0,21,129
174.0,52.0,21,129
174.0,52.0,21,129
173.0,52.0,21,129
173.0,53.0,21,129
173.0,53.0,21,129
173.0,54.0,21,129
172.0,55.0,21,129
172.0,55.0,21,129
171.0,56.0,21,129
171.0,56.0,21,129
170.0,56.0,21,129
170.0,56.0,21,129
169.0,57.0,21,129
169.0,57.0,21,129
168.0,58.0,21,129
168.0,58.0,21,129
167.0,58.0,21,129
167.0,58.0,21,129
167.0,59.0,21,129
167.0,61.0,21,129
167.0,62.0,21,129
167.0,64.0,21,129
167.0,66.0,21,129
168.0,68.0,21,129
168.0,70.0,21,129
168.0,71.0,21,129
168.0,72.0,21,129
170.0,75.0,21,129
172.0,78.0,21,129
172.0,79.0,21,129
168.0,122.0,21,129
168.0,123.0,21,129
168.0,123.0,21,129
168.0,124.0,21,129
168.0,125.0,21,129
167.0,128.0,21,129
168.0,87.0,21,129
167.0,89.0,21,129
167.0,90.0,21,129
166.0,90.0,21,129
166.0,91.0,21,129
166.0,92.0,21,129
166.0,93.0,21,129
166.0,93.0,21,129
167.0,94.0,21,129
168.0,93.0,21,129
168.0,93.0,21,129
169.0,92.0,21,129
170.0,92.0,21,129
170.0,91.0,21,129
171.0,90.0,21,129
171.0,89.0,21,129
172.0,88.0,21,129
172.0,87.0,21,129
171.0,87.0,21,129
169.0,89.0,21,129
167.0,91.0,21,129
167.0,91.0,21,129
165.0,93.0,21,129
163.0,95.0,21,129
161.0,96.0,21,129
160.0,98.0,21,129
160.0,100.0,21,129
159.0,102.0,21,129
157.0,105.0,21,129
157.0,107.0,21,129
157.0,109.0,21,129
157.0,111.0,21,129
156.0,114.0,21,129
155.0,116.0,21,129
154.0,119.0,21,129
154.0,122.0,21,129
154.0,125.0,21,129
154.0,128.0,21,129
153.0,130.0,21,129
152.0,133.0,21,129
149.0,136.0,21,129
148.0,139.0,21,129
148.0,142.0,21,129
147.0,145.0,21,129
146.0,148.0,21,129
145.0,151.0,21,129
144.0,154.0,21,129
143.0,156.0,21,129
142.0,159.0,21,129
141.0,161.0,21,129
140.0,163.0,21,129
139.0,164.0,21,129
138.0,166.0,21,129
137.0,168.0,21,129
136.0,170.0,21,129
135.0,172.0,21,129
134.0,173.0,21,129
133.0,175.0,21,129
132.0,177.0,21,129177,51,21,129
142104.0,180.0,21,129
142102.0,175.0,21,129
142100.0,176.0,21,129
142099.0,111.0,21,129
142089.0,-63.0,21,129
142086.0,-20.0,21,129
142083.0,-20.0,21,129
142080.0,-20.0,21,129
142077.0,-20.0,21,129
142074.0,-20.0,21,129
142071.0,-20.0,21,129
142068.0,-20.0,21,129
142065.0,-20.0,21,129
142062.0,-20.0,21,129
142059.0,-20.0,21,129
142056.0,-20.0,21,129
142053.0,-20.0,21,129
142050.0,-20.0,21,129
142047.0,-20.0,21,129
142044.0,-20.0,21,129177,51,21,129
176.0,50.0,21,129
177.0,51.0,21,129
177.0,51.0,21,129
177.0,51.0,21,129
177.0,51.0,21,129
177.0,51.0,21,129
177.0,51.0,21,129
176.0,51.0,21,129
176.0,51.0,21,129
176.0,51.0,21,129
176.0,51.0,21,129
176.0,51.0,21,129
176.0,51.0,21,129
175.0,51.0,21,129
175.0,51.0,21,129
175.0,51.0,21,129
174.0,52.0,21,129
174.0,52.0,21,129
173.0,52.0,21,129
173.0,53.0,21,129
173.0,53.0,21,129
173.0,54.0,21,129
172.0,55.0,21,129
172.0,55.0,21,129
171.0,56.0,21,129
171.0,56.0,21,129
170.0,56.0,21,129
170.0,56.0,21,129
169.0,57.0,21,129
169.0,57.0,21,129
168.0,58.0,21,129
168.0,58.0,21,129
167.0,58.0,21,129
167.0,58.0,21,129
167.0,59.0,21,129
167.0,61.0,21,129
167.0,62.0,21,129
167.0,64.0,21,129
167.0,66.0,21,129
168.0,68.0,21,129
168.0,70.0,21,129
168.0,71.0,21,129
168.0,72.0,21,129
170.0,75.0,21,129
172.0,78.0,21,129177,51,21,129
176.0,50.0,21,129
177.0,51.0,21,129
177.0,51.0,21,129
177.0,51.0,21,129
177.0,51.0,21,129
177.0,51.0,21,129
177.0,51.0,21,129
176.0,51.0,21,129
176.0,51.0,21,129
176.0,51.0,21,129
176.0,51.0,21,129
176.0,51.0,21,129
176.0,51.0,21,129
175.0,51.0,21,129
175.0,51.0,21,129
175.0,51.0,21,129
174.0,52.0,21,129
174.0,52.0,21,129
173.0,52.0,21,129
173.0,53.0,21,129
173.0,53.0,21,129
173.0,54.0,21,129
172.0,55.0,21,129
172.0,55.0,21,129
171.0,56.0,21,129
171.0,56.0,21,129
170.0,56.0,21,129
170.0,56.0,21,129
169.0,57.0,21,129
169.0,57.0,21,129
168.0,58.0,21,129
168.0,58.0,21,129
167.0,58.0,21,129
167.0,58.0,21,129
167.0,59.0,21,129
167.0,61.0,21,129
167.0,62.0,21,129
167.0,64.0,21,129
167.0,66.0,21,129
168.0,68.0,21,129
168.0,70.0,21,129
168.0,71.0,21,129
168.0,72.0,21,129
170.0,75.0,21,129
172.0,78.0,21,129
172.0,79.0,21,129
168.0,122.0,21,129
168.0,123.0,21,129
168.0,123.0,21,129
168.0,124.0,21,129
168.0,125.0,21,129
167.0,128.0,21,129
168.0,87.0,21,129
167.0,89.0,21,129
167.0,90.0,21,129
166.0,90.0,21,129
166.0,91.0,21,129
166.0,92.0,21,129
166.0,93.0,21,129
166.0,93.0,21,129
167.0,94.0,21,129
168.0,93.0,21,129
168.0,93.0,21,129
169.0,92.0,21,129
170.0,92.0,21,129
170.0,91.0,21,129
171.0,90.0,21,129
171.0,89.0,21,129
172.0,88.0,21,129
172.0,87.0,21,129
171.0,87.0,21,129
169.0,89.0,21,129
167.0,91.0,21,129
167.0,91.0,21,129
165.0,93.0,21,129
163.0,95.0,21,129
161.0,96.0,21,129
160.0,98.0,21,129
160.0,100.0,21,129
159.0,102.0,21,129
157.0,105.0,21,129
157.0,107.0,21,129
157.0,109.0,21,129
157.0,111.0,21,129
156.0,114.0,21,129
155.0,116.0,21,129
154.0,119.0,21,129
154.0,122.0,21,129
154.0,125.0,21,129
154.0,128.0,21,129