198,214,34,81
196.0,213.0,34,81
194.0,214.0,34,81
192.0,214.0,34,81
190.0,215.0,34,81
188.0,218.0,34,81
186.0,224.0,34,81
185.0,230.0,34,81
188.0,197.0,34,81
187.0,232.0,34,81
188.0,231.0,34,81
190.0,229.0,34,81
193.0,228.0,34,81
196.0,227.0,34,81
199.0,226.0,34,81
203.0,224.0,34,81
204.0,223.0,34,81
195.0,217.0,34,81
186.0,211.0,34,81
189.0,232.0,34,81
205.0,219.0,34,81
210.0,221.0,34,81
214.0,220.0,34,81
218.0,223.0,34,81
221.0,226.0,34,81
223.0,229.0,34,81
226.0,231.0,34,81
230.0,231.0,34,81
234.0,231.0,34,81
239.0,231.0,34,81
243.0,229.0,34,81
247.0,228.0,34,81
251.0,226.0,34,81
255.0,226.0,34,81
259.0,225.0,34,81
263.0,224.0,34,81
267.0,225.0,34,81
272.0,226.0,34,81
276.0,228.0,34,81
279.0,230.0,34,81
283.0,232.0,34,81
286.0,234.0,34,81
288.0,235.0,34,81
290.0,235.0,34,81
290.0,235.0,34,81
289.0,233.0,34,81
289.0,232.0,34,81
288.0,231.0,34,81
287.0,230.0,34,81
286.0,230.0,34,81
284.0,229.0,34,81
283.0,228.0,34,81
281.0,227.0,34,81
280.0,226.0,34,81
278.0,226.0,34,81
276.0,226.0,34,81
274.0,227.0,34,81
272.0,228.0,34,81
269.0,229.0,34,81
266.0,230.0,34,81
262.0,230.0,34,81
258.0,230.0,34,81
249.0,251.0,34,81
250.0,227.0,34,81
249.0,225.0,34,81
248.0,225.0,34,81
247.0,225.0,34,81
243.0,225.0,34,81
238.0,225.0,34,81
253.0,219.0,34,81
237.0,225.0,34,81
231.0,226.0,34,81
219.0,226.0,34,81
209.0,226.0,34,81
203.0,226.0,34,81
206.0,220.0,34,81
193.0,227.0,34,81
184.0,227.0,34,81
179.0,228.0,34,81
174.0,228.0,34,81
169.0,228.0,34,81
163.0,228.0,34,81
158.0,227.0,34,81
153.0,227.0,34,81
150.0,227.0,34,81
147.0,228.0,34,81
143.0,228.0,34,81
140.0,229.0,34,81
136.0,230.0,34,81
134.0,231.0,34,81
129.0,231.0,34,81
126.0,231.0,34,81
126.0,230.0,34,81
130.0,232.0,34,81
133.0,233.0,34,81
134.0,233.0,34,81
125.0,200.0,34,81
121.0,216.0,34,81
120.0,217.0,34,81
120.0,217.0,34,81
121.0,216.0,34,81
122.0,215.0,34,81
123.0,212.0,34,81
125.0,208.0,34,81
127.0,206.0,34,81
129.0,204.0,34,81
132.0,204.0,34,81
135.0,204.0,34,81
138.0,205.0,34,81
141.0,206.0,34,81
143.0,205.0,34,81
146.0,205.0,34,81
149.0,203.0,34,81
155.0,198.0,34,81
159.0,195.0,34,81
162.0,192.0,34,81
166.0,190.0,34,81
169.0,184.0,34,81
172.0,190.0,34,81
176.0,191.0,34,81
179.0,192.0,34,81
183.0,191.0,34,81
187.0,190.0,34,81
188.0,188.0,34,81
192.0,185.0,34,81
195.0,183.0,34,81
198.0,182.0,34,81
201.0,182.0,34,81
203.0,182.0,34,81
206.0,183.0,34,81
209.0,184.0,34,81
211.0,184.0,34,81
212.0,183.0,34,81
214.0,181.0,34,81
217.0,177.0,34,81
219.0,174.0,34,81
220.0,171.0,34,81
221.0,169.0,34,81
223.0,169.0,34,81
224.0,169.0,34,81
225.0,170.0,34,81
226.0,171.0,34,81
227.0,171.0,34,81
228.0,170.0,34,81
229.0,169.0,34,81
231.0,166.0,34,81
232.0,164.0,34,81
233.0,163.0,34,81
235.0,163.0,34,81
237.0,164.0,34,81
239.0,165.0,34,81
241.0,166.0,34,81
244.0,167.0,34,81
246.0,167.0,34,81
248.0,166.0,34,81
249.0,165.0,34,81
252.0,163.0,34,81
254.0,161.0,34,81
255.0,161.0,34,81
257.0,161.0,34,81
259.0,162.0,34,81
260.0,161.0,34,81
261.0,161.0,34,81
262.0,161.0,34,81
264.0,160.0,34,81
267.0,159.0,34,81
270.0,157.0,34,81
273.0,156.0,34,81
275.0,156.0,34,81
277.0,157.0,34,81
279.0,158.0,34,81
281.0,159.0,34,81
284.0,159.0,34,81
286.0,159.0,34,81
287.0,159.0,34,81
288.0,158.0,34,81
289.0,156.0,34,81
290.0,155.0,34,81
289.0,154.0,34,81
288.0,154.0,34,81
287.0,155.0,34,81
287.0,155.0,34,81
286.0,154.0,34,81
285.0,154.0,34,81
285.0,153.0,34,81
284.0,152.0,34,81
284.0,151.0,34,81
284.0,151.0,34,81
284.0,151.0,34,81
284.0,152.0,34,81
284.0,153.0,34,81
285.0,155.0,34,81
285.0,155.0,34,81
285.0,154.0,34,81
285.0,153.0,34,81
284.0,154.0,34,81
282.0,155.0,34,81
281.0,156.0,34,81
281.0,157.0,34,81
282.0,157.0,34,81
283.0,157.0,34,81
284.0,157.0,34,81
285.0,156.0,34,81
285.0,155.0,34,81
285.0,155.0,34,81
285.0,156.0,34,81
285.0,156.0,34,81
285.0,156.0,34,81
286.0,156.0,34,81
286.0,157.0,34,81
285.0,157.0,34,81
284.0,157.0,34,81
283.0,158.0,34,81
282.0,159.0,34,81
281.0,159.0,34,81
281.0,159.0,34,81
280.0,158.0,34,81
280.0,157.0,34,81
280.0,156.0,34,81
280.0,157.0,34,81
280.0,157.0,34,81
279.0,158.0,34,81
278.0,158.0,34,81
277.0,158.0,34,81
276.0,157.0,34,81
275.0,156.0,34,81
274.0,156.0,34,81
273.0,156.0,34,81
272.0,156.0,34,81
270.0,156.0,34,81
268.0,156.0,34,81
266.0,155.0,34,81
264.0,154.0,34,81
261.0,154.0,34,81
259.0,154.0,34,81
257.0,155.0,34,81
255.0,155.0,34,81
253.0,156.0,34,81
252.0,156.0,34,81
251.0,155.0,34,81
249.0,155.0,34,81
247.0,155.0,34,81
244.0,155.0,34,81
241.0,155.0,34,81
239.0,154.0,34,81
237.0,154.0,34,81
235.0,153.0,34,81
234.0,152.0,34,81
232.0,151.0,34,81
230.0,149.0,34,81
228.0,148.0,34,81
226.0,147.0,34,81
224.0,147.0,34,81
223.0,147.0,34,81
221.0,148.0,34,81
219.0,151.0,34,81
217.0,154.0,34,81
215.0,156.0,34,81
212.0,157.0,34,81
209.0,158.0,34,81
207.0,158.0,34,81
205.0,158.0,34,81
203.0,158.0,34,81
201.0,158.0,34,81
200.0,158.0,34,81
215.0,152.0,34,81
200.0,155.0,34,81
199.0,153.0,34,81
199.0,151.0,34,81
199.0,150.0,34,81
202.0,171.0,34,81
205.0,192.0,34,81
196.0,159.0,34,81
211.0,153.0,34,81
198.0,155.0,34,81
189.0,176.0,34,81
195.0,155.0,34,81
195.0,154.0,34,81
195.0,153.0,34,81
195.0,151.0,34,81
194.0,151.0,34,81
194.0,150.0,34,81
193.0,150.0,34,81
196.0,117.0,34,81
192.0,100.0,34,81
197.0,98.0,34,81
202.0,97.0,34,81
207.0,97.0,34,81
212.0,96.0,34,81
216.0,95.0,34,81
220.0,94.0,34,81
224.0,93.0,34,81
227.0,93.0,34,81
229.0,94.0,34,81
232.0,94.0,34,81
233.0,94.0,34,81
235.0,94.0,34,81
236.0,94.0,34,81
237.0,95.0,34,81
238.0,95.0,34,81
239.0,95.0,34,81
239.0,95.0,34,81
240.0,94.0,34,81
240.0,93.0,34,81
240.0,93.0,34,81
240.0,92.0,34,81
240.0,92.0,34,81
240.0,93.0,34,81
240.0,92.0,34,81
240.0,90.0,34,81
241.0,90.0,34,81
241.0,90.0,34,81
241.0,91.0,34,81
242.0,90.0,34,81
242.0,91.0,34,81
243.0,91.0,34,81
243.0,92.0,34,81
244.0,93.0,34,81
245.0,93.0,34,81
246.0,94.0,34,81
246.0,96.0,34,81
247.0,97.0,34,81
248.0,99.0,34,81
248.0,100.0,34,81
249.0,101.0,34,81
249.0,102.0,34,81
250.0,103.0,34,81
250.0,104.0,34,81
251.0,104.0,34,81
252.0,105.0,34,81
252.0,106.0,34,81
253.0,107.0,34,81
254.0,108.0,34,81
255.0,109.0,34,81
256.0,111.0,34,81
257.0,112.0,34,81
258.0,112.0,34,81
258.0,113.0,34,81
259.0,113.0,34,81
260.0,113.0,34,81
260.0,115.0,34,81
261.0,115.0,34,81
262.0,114.0,34,81
262.0,115.0,34,81
263.0,115.0,34,81
264.0,115.0,34,81
265.0,115.0,34,81
266.0,115.0,34,81
267.0,115.0,34,81
267.0,115.0,34,81
268.0,116.0,34,81
269.0,116.0,34,81
270.0,116.0,34,81
270.0,117.0,34,81
271.0,117.0,34,81
271.0,118.0,34,81
272.0,118.0,34,81
272.0,119.0,34,81
273.0,119.0,34,81
273.0,120.0,34,81
274.0,121.0,34,81
275.0,122.0,34,81
275.0,122.0,34,81
276.0,122.0,34,81
277.0,123.0,34,81
277.0,124.0,34,81
278.0,124.0,34,81
279.0,124.0,34,81
279.0,125.0,34,81
280.0,125.0,34,81
281.0,125.0,34,81
281.0,126.0,34,81
282.0,126.0,34,81
283.0,126.0,34,81
284.0,126.0,34,81
284.0,126.0,34,81
285.0,126.0,34,81
286.0,127.0,34,81
286.0,127.0,34,81
287.0,127.0,34,81
287.0,128.0,34,81
288.0,128.0,34,81
289.0,128.0,34,81
289.0,128.0,34,81
290.0,129.0,34,81
291.0,129.0,34,81
292.0,129.0,34,81
292.0,130.0,34,81
293.0,130.0,34,81
294.0,130.0,34,81
295.0,130.0,34,81
296.0,130.0,34,81
296.0,130.0,34,81
297.0,130.0,34,81
298.0,130.0,34,81
298.0,130.0,34,81
299.0,130.0,34,81
300.0,129.0,34,81
301.0,129.0,34,81
302.0,129.0,34,81
303.0,129.0,34,81
304.0,130.0,34,81
305.0,130.0,34,81
306.0,130.0,34,81
306.0,130.0,34,81
307.0,130.0,34,81
307.0,130.0,34,81
308.0,130.0,34,81
308.0,130.0,34,81
309.0,130.0,34,81
309.0,130.0,34,81
310.0,130.0,34,81
311.0,130.0,34,81
312.0,130.0,34,81
313.0,131.0,34,81
313.0,132.0,34,81
314.0,133.0,34,81
315.0,133.0,34,81
316.0,134.0,34,81
316.0,135.0,34,81
317.0,135.0,34,81
318.0,135.0,34,81
318.0,137.0,34,81
318.0,138.0,34,81
319.0,138.0,34,81
319.0,139.0,34,81
320.0,139.0,34,81
320.0,139.0,34,81
321.0,140.0,34,81
321.0,139.0,34,81
322.0,139.0,34,81
323.0,139.0,34,81
323.0,139.0,34,81
324.0,140.0,34,81
324.0,140.0,34,81
325.0,141.0,34,81
326.0,141.0,34,81
326.0,142.0,34,81
327.0,142.0,34,81
327.0,142.0,34,81
327.0,143.0,34,81
327.0,143.0,34,81
327.0,144.0,34,81
327.0,144.0,34,81
327.0,145.0,34,81
327.0,145.0,34,81
327.0,146.0,34,81
326.0,146.0,34,81
326.0,147.0,34,81
325.0,147.0,34,81
324.0,147.0,34,81
322.0,148.0,34,81
321.0,148.0,34,81
319.0,148.0,34,81
317.0,149.0,34,81
314.0,149.0,34,81
312.0,149.0,34,81
310.0,150.0,34,81
307.0,150.0,34,81
305.0,151.0,34,81
303.0,151.0,34,81
301.0,152.0,34,81
300.0,153.0,34,81
298.0,154.0,34,81
296.0,154.0,34,81
294.0,153.0,34,81
292.0,152.0,34,81
290.0,150.0,34,81
289.0,149.0,34,81
288.0,149.0,34,81
287.0,149.0,34,81
285.0,151.0,34,81
283.0,152.0,34,81
281.0,153.0,34,81
278.0,155.0,34,81
276.0,156.0,34,81
273.0,157.0,34,81
271.0,157.0,34,81
269.0,157.0,34,81
266.0,157.0,34,81
264.0,157.0,34,81
262.0,157.0,34,81
259.0,158.0,34,81
257.0,158.0,34,81
255.0,159.0,34,81
253.0,159.0,34,81
250.0,160.0,34,81
248.0,161.0,34,81
245.0,162.0,34,81
241.0,163.0,34,81
238.0,163.0,34,81
234.0,163.0,34,81
229.0,163.0,34,81
224.0,163.0,34,81
218.0,163.0,34,81
212.0,163.0,34,81
206.0,163.0,34,81
200.0,163.0,34,81
194.0,163.0,34,81
188.0,164.0,34,81
182.0,164.0,34,81
176.0,164.0,34,81
169.0,165.0,34,81
163.0,165.0,34,81
157.0,165.0,34,81
150.0,166.0,34,81
143.0,166.0,34,81
136.0,166.0,34,81
130.0,166.0,34,81
123.0,167.0,34,81
117.0,167.0,34,81
112.0,167.0,34,81
107.0,167.0,34,81
102.0,168.0,34,81
97.0,169.0,34,81
93.0,170.0,34,81
89.0,171.0,34,81
85.0,172.0,34,81
80.0,173.0,34,81
76.0,174.0,34,81
71.0,175.0,34,81
67.0,176.0,34,81
63.0,177.0,34,81
59.0,178.0,34,81
56.0,178.0,34,81
51.0,179.0,34,81
46.0,179.0,34,81
40.0,179.0,34,81
35.0,180.0,34,81
30.0,180.0,34,81
25.0,181.0,34,81
19.0,182.0,34,81
13.0,182.0,34,81
7.0,183.0,34,81
1.0,184.0,34,81
0,184.0,34,81
0,183.0,34,81
0,183.0,34,81
0,182.0,34,81
0,181.0,34,81
0,180.0,34,81
0,180.0,34,81
0,180.0,34,81
0,179.0,34,81
0,179.0,34,81
0,180.0,34,81
0,182.0,34,81
0,183.0,34,81
0,183.0,34,81
0,183.0,34,81
0,184.0,34,81
0,184.0,34,81
0,184.0,34,81
0,185.0,34,81
0,191.0,34,81
0,191.0,34,81
0,191.0,34,81
0,191.0,34,81
0,190.0,34,81
0,189.0,34,81
0,188.0,34,81
0,188.0,34,81
0,186.0,34,81
0,185.0,34,81
0,183.0,34,81
0,182.0,34,81
0,182.0,34,81
0,181.0,34,81
0,181.0,34,81
0,179.0,34,81
0,177.0,34,81
0,177.0,34,81
0,178.0,34,81
0.0,174.0,34,81
7.0,172.0,34,81
16.0,172.0,34,81
24.0,171.0,34,81
31.0,169.0,34,81
38.0,167.0,34,81
44.0,164.0,34,81
50.0,161.0,34,81
55.0,158.0,34,81
59.0,155.0,34,81
64.0,153.0,34,81
70.0,153.0,34,81
76.0,153.0,34,81
83.0,153.0,34,81
90.0,154.0,34,81
96.0,154.0,34,81
103.0,154.0,34,81
110.0,155.0,34,81
117.0,155.0,34,81
124.0,156.0,34,81
115.0,150.0,34,81
135.0,155.0,34,81
143.0,153.0,34,81
148.0,151.0,34,81
153.0,149.0,34,81
159.0,148.0,34,81
164.0,146.0,34,81
169.0,145.0,34,81
174.0,144.0,34,81
179.0,145.0,34,81
184.0,146.0,34,81
188.0,148.0,34,81
192.0,149.0,34,81
194.0,150.0,34,81
195.0,151.0,34,81
195.0,150.0,34,81
194.0,149.0,34,81
193.0,148.0,34,81
191.0,147.0,34,81
190.0,147.0,34,81
188.0,146.0,34,81
187.0,146.0,34,81
184.0,147.0,34,81
182.0,147.0,34,81
180.0,147.0,34,81
179.0,147.0,34,81
178.0,148.0,34,81
177.0,149.0,34,81
175.0,149.0,34,81
172.0,148.0,34,81
169.0,148.0,34,81
166.0,147.0,34,81
164.0,144.0,34,81
163.0,142.0,34,81
163.0,137.0,34,81
162.0,131.0,34,81
163.0,128.0,34,81
164.0,127.0,34,81
165.0,125.0,34,81
165.0,124.0,34,81
165.0,123.0,34,81
165.0,123.0,34,81
164.0,122.0,34,81
164.0,121.0,34,81
164.0,120.0,34,81
164.0,120.0,34,81
165.0,120.0,34,81
167.0,119.0,34,81
182.0,134.0,34,81
183.0,139.0,34,81
186.0,139.0,34,81
185.0,146.0,34,81
183.0,148.0,34,81
184.0,149.0,34,81
186.0,151.0,34,81
188.0,150.0,34,81
199.0,168.0,34,81
196.0,149.0,34,81
199.0,150.0,34,81
203.0,152.0,34,81
207.0,154.0,34,81
211.0,157.0,34,81
215.0,160.0,34,81
220.0,165.0,34,81
224.0,169.0,34,81
228.0,174.0,34,81
230.0,177.0,34,81
233.0,180.0,34,81
235.0,183.0,34,81
237.0,185.0,34,81
239.0,187.0,34,81
240.0,189.0,34,81
242.0,192.0,34,81
242.0,194.0,34,81
242.0,194.0,34,81
243.0,194.0,34,81
244.0,193.0,34,81
245.0,191.0,34,81
246.0,190.0,34,81
247.0,190.0,34,81
247.0,189.0,34,81
246.0,189.0,34,81
246.0,191.0,34,81
245.0,193.0,34,81
248.0,160.0,34,81
239.0,127.0,34,81
238.0,153.0,34,81
240.0,153.0,34,81
243.0,153.0,34,81
246.0,153.0,34,81
248.0,153.0,34,81
250.0,153.0,34,81
252.0,153.0,34,81
254.0,153.0,34,81
256.0,153.0,34,81
258.0,153.0,34,81
259.0,153.0,34,81
261.0,154.0,34,81
262.0,154.0,34,81
263.0,154.0,34,81
264.0,154.0,34,81
266.0,155.0,34,81
267.0,155.0,34,81
268.0,156.0,34,81
269.0,156.0,34,81
271.0,156.0,34,81
272.0,157.0,34,81
274.0,157.0,34,81
275.0,157.0,34,81
277.0,158.0,34,81
279.0,158.0,34,81
280.0,158.0,34,81
282.0,158.0,34,81
283.0,158.0,34,81
285.0,159.0,34,81
286.0,159.0,34,81
287.0,159.0,34,81
289.0,159.0,34,81
290.0,159.0,34,81
291.0,159.0,34,81
293.0,160.0,34,81
294.0,160.0,34,81
295.0,160.0,34,81
296.0,160.0,34,81
297.0,160.0,34,81
297.0,160.0,34,81
298.0,160.0,34,81
298.0,160.0,34,81
298.0,160.0,34,81
299.0,160.0,34,81
299.0,160.0,34,81
298.0,159.0,34,81