336,165,26,61
336.0,163.0,26,61
334.0,163.0,26,61
332.0,163.0,26,61
327.0,179.0,26,61
331.0,174.0,26,61
335.0,190.0,26,61
339.0,164.0,26,61
343.0,180.0,26,61
347.0,175.0,26,61
341.0,157.0,26,61
339.0,156.0,26,61
336.0,155.0,26,61
330.0,153.0,26,61
325.0,169.0,26,61
311.0,164.0,26,61
324.0,159.0,26,61
328.0,175.0,26,61
323.0,191.0,26,61
327.0,165.0,26,61
322.0,181.0,26,61
326.0,176.0,26,61
312.0,171.0,26,61
307.0,145.0,26,61
311.0,161.0,26,61
297.0,156.0,26,61
283.0,151.0,26,61
278.0,167.0,26,61
286.0,152.0,26,61
284.0,152.0,26,61
282.0,151.0,26,61
285.0,152.0,26,61
281.0,150.0,26,61
285.0,150.0,26,61
284.0,150.0,26,61
282.0,152.0,26,61
277.0,147.0,26,61
287.0,149.0,26,61
289.0,148.0,26,61
289.0,149.0,26,61
289.0,148.0,26,61
287.0,148.0,26,61
287.0,147.0,26,61
286.0,147.0,26,61
285.0,147.0,26,61
285.0,147.0,26,61
280.0,163.0,26,61
286.0,148.0,26,61
287.0,148.0,26,61
282.0,164.0,26,61
286.0,149.0,26,61
286.0,148.0,26,61
286.0,148.0,26,61
286.0,148.0,26,61
286.0,149.0,26,61
288.0,150.0,26,61
289.0,147.0,26,61
288.0,148.0,26,61
287.0,148.0,26,61
286.0,148.0,26,61
281.0,164.0,26,61
276.0,159.0,26,61
281.0,146.0,26,61
276.0,162.0,26,61
278.0,147.0,26,61
273.0,163.0,26,61
268.0,158.0,26,61
273.0,146.0,26,61
268.0,162.0,26,61
263.0,136.0,26,61
268.0,147.0,26,61
272.0,163.0,26,61
258.0,158.0,26,61
267.0,147.0,26,61
262.0,163.0,26,61
269.0,148.0,26,61
269.0,147.0,26,61
269.0,146.0,26,61
268.0,148.0,26,61
263.0,164.0,26,61
258.0,159.0,26,61
262.0,154.0,26,61
265.0,148.0,26,61
260.0,164.0,26,61
264.0,159.0,26,61
268.0,133.0,26,61
254.0,128.0,26,61
265.0,148.0,26,61
266.0,150.0,26,61
261.0,166.0,26,61
260.0,165.0,26,61
262.0,165.0,26,61
263.0,165.0,26,61
265.0,165.0,26,61
266.0,165.0,26,61
267.0,165.0,26,61
267.0,164.0,26,61
269.0,165.0,26,61
268.0,164.0,26,61
267.0,164.0,26,61
267.0,164.0,26,61
267.0,163.0,26,61
267.0,164.0,26,61
267.0,163.0,26,61
267.0,163.0,26,61
267.0,162.0,26,61
268.0,162.0,26,61
268.0,162.0,26,61
268.0,164.0,26,61
269.0,165.0,26,61
270.0,165.0,26,61
271.0,165.0,26,61
273.0,166.0,26,61
276.0,167.0,26,61
278.0,167.0,26,61
280.0,167.0,26,61
282.0,167.0,26,61
284.0,168.0,26,61
285.0,168.0,26,61
285.0,168.0,26,61
286.0,167.0,26,61
286.0,167.0,26,61
290.0,162.0,26,61
289.0,168.0,26,61
289.0,168.0,26,61
287.0,168.0,26,61
288.0,169.0,26,61
289.0,170.0,26,61
289.0,170.0,26,61
289.0,171.0,26,61
292.0,171.0,26,61
293.0,173.0,26,61
295.0,173.0,26,61
299.0,175.0,26,61
300.0,174.0,26,61
300.0,175.0,26,61
302.0,175.0,26,61
303.0,177.0,26,61
305.0,177.0,26,61
306.0,178.0,26,61
308.0,178.0,26,61
309.0,180.0,26,61
312.0,181.0,26,61
315.0,182.0,26,61
316.0,182.0,26,61
319.0,184.0,26,61
321.0,185.0,26,61
322.0,185.0,26,61
323.0,185.0,26,61
326.0,184.0,26,61
327.0,184.0,26,61
329.0,184.0,26,61
330.0,184.0,26,61
331.0,182.0,26,61
328.0,182.0,26,61
329.0,181.0,26,61
333.0,155.0,26,61
337.0,150.0,26,61
328.0,181.0,26,61
327.0,182.0,26,61
328.0,183.0,26,61
329.0,183.0,26,61
332.0,184.0,26,61
332.0,184.0,26,61
333.0,185.0,26,61
337.0,185.0,26,61
340.0,186.0,26,61
344.0,186.0,26,61
348.0,181.0,26,61
358.0,186.0,26,61
360.0,187.0,26,61
363.0,185.0,26,61
369.0,185.0,26,61
372.0,184.0,26,61
374.0,184.0,26,61
376.0,183.0,26,61
377.0,181.0,26,61
378.0,179.0,26,61
379.0,179.0,26,61
380.0,177.0,26,61
381.0,178.0,26,61
381.0,177.0,26,61
383.0,178.0,26,61
385.0,179.0,26,61
383.0,181.0,26,61
387.0,155.0,26,61
387.0,185.0,26,61
391.0,159.0,26,61
385.0,186.0,26,61
384.0,186.0,26,61
384.0,188.0,26,61
383.0,188.0,26,61
380.0,188.0,26,61
379.0,189.0,26,61
376.0,190.0,26,61
375.0,191.0,26,61
379.0,165.0,26,61
372.0,190.0,26,61
371.0,190.0,26,61
371.0,191.0,26,61
372.0,190.0,26,61
373.0,189.0,26,61
375.0,187.0,26,61
376.0,185.0,26,61
375.0,186.0,26,61
376.0,187.0,26,61
376.0,183.0,26,61
380.0,157.0,26,61
375.0,180.0,26,61
374.0,180.0,26,61
373.0,182.0,26,61
372.0,181.0,26,61
374.0,180.0,26,61
375.0,179.0,26,61
374.0,180.0,26,61
373.0,181.0,26,61
374.0,180.0,26,61
374.0,179.0,26,61
378.0,153.0,26,61
375.0,180.0,26,61
379.0,175.0,26,61
377.0,182.0,26,61
378.0,181.0,26,61
373.0,197.0,26,61
379.0,180.0,26,61
381.0,182.0,26,61
382.0,182.0,26,61
386.0,198.0,26,61
381.0,193.0,26,61
384.0,179.0,26,61
386.0,179.0,26,61
388.0,179.0,26,61
390.0,180.0,26,61
394.0,180.0,26,61
398.0,154.0,26,61
403.0,178.0,26,61
409.0,178.0,26,61
415.0,178.0,26,61
421.0,179.0,26,61
433.0,176.0,26,61
444.0,173.0,26,61
448.0,172.0,26,61
454.0,171.0,26,61
464.0,170.0,26,61
472.0,169.0,26,61
475.0,168.0,26,61
481.0,166.0,26,61
485.0,164.0,26,61
488.0,163.0,26,61
488.0,163.0,26,61
488.0,162.0,26,61
487.0,162.0,26,61
487.0,162.0,26,61
482.0,178.0,26,61
487.0,165.0,26,61
485.0,166.0,26,61
484.0,167.0,26,61
484.0,167.0,26,61
485.0,168.0,26,61
484.0,168.0,26,61
483.0,168.0,26,61
483.0,169.0,26,61
480.0,169.0,26,61
478.0,168.0,26,61
476.0,166.0,26,61
477.0,165.0,26,61
476.0,165.0,26,61
475.0,166.0,26,61
475.0,166.0,26,61
474.0,164.0,26,61
478.0,180.0,26,61
473.0,157.0,26,61
471.0,156.0,26,61
470.0,153.0,26,61
469.0,152.0,26,61
468.0,152.0,26,61
467.0,151.0,26,61
466.0,147.0,26,61
466.0,146.0,26,61
467.0,147.0,26,61
467.0,148.0,26,61
469.0,149.0,26,61
470.0,148.0,26,61
465.0,143.0,26,61
469.0,138.0,26,61
474.0,145.0,26,61
475.0,146.0,26,61
475.0,146.0,26,61
476.0,146.0,26,61
475.0,143.0,26,61
479.0,159.0,26,61
465.0,154.0,26,61
469.0,149.0,26,61
471.0,146.0,26,61
471.0,147.0,26,61
470.0,147.0,26,61
465.0,163.0,26,61
467.0,146.0,26,61
465.0,146.0,26,61
462.0,146.0,26,61
466.0,162.0,26,61
456.0,150.0,26,61
451.0,150.0,26,61
444.0,149.0,26,61
438.0,149.0,26,61
433.0,123.0,26,61
428.0,151.0,26,61
432.0,167.0,26,61
427.0,162.0,26,61
422.0,178.0,26,61
426.0,173.0,26,61
430.0,168.0,26,61
416.0,163.0,26,61
411.0,179.0,26,61
415.0,174.0,26,61
410.0,190.0,26,61
405.0,185.0,26,61
400.0,180.0,26,61
404.0,175.0,26,61
409.0,161.0,26,61
409.0,162.0,26,61
409.0,164.0,26,61
410.0,165.0,26,61
411.0,165.0,26,61
406.0,181.0,26,61
415.0,163.0,26,61
410.0,137.0,26,61
405.0,132.0,26,61
416.0,165.0,26,61
429.0,160.0,26,61
424.0,176.0,26,61
414.0,166.0,26,61
414.0,166.0,26,61
415.0,166.0,26,61
419.0,182.0,26,61
418.0,170.0,26,61
422.0,144.0,26,61
420.0,169.0,26,61
415.0,185.0,26,61
419.0,201.0,26,61
414.0,196.0,26,61
418.0,191.0,26,61
422.0,186.0,26,61
417.0,202.0,26,61
421.0,218.0,26,61
421.0,199.0,26,61
421.0,197.0,26,61
421.0,196.0,26,61
421.0,196.0,26,61
421.0,196.0,26,61