478,143,80,111
477.0,141.0,80,111
476.0,139.0,80,111
474.0,137.0,80,111
472.0,135.0,80,111
471.0,133.0,80,111
469.0,131.0,80,111
467.0,130.0,80,111
465.0,128.0,80,111
464.0,126.0,80,111
463.0,125.0,80,111
462.0,124.0,80,111
461.0,124.0,80,111
460.0,124.0,80,111
459.0,123.0,80,111
458.0,121.0,80,111
457.0,121.0,80,111
456.0,121.0,80,111
455.0,122.0,80,111
453.0,123.0,80,111
452.0,123.0,80,111
450.0,124.0,80,111
447.0,125.0,80,111
444.0,126.0,80,111
440.0,128.0,80,111
436.0,130.0,80,111
431.0,133.0,80,111
424.0,136.0,80,111
416.0,139.0,80,111
408.0,143.0,80,111
399.0,148.0,80,111
389.0,152.0,80,111
379.0,156.0,80,111
368.0,160.0,80,111
359.0,164.0,80,111
348.0,167.0,80,111
336.0,169.0,80,111
323.0,172.0,80,111
312.0,174.0,80,111
301.0,175.0,80,111
291.0,175.0,80,111
284.0,176.0,80,111
277.0,177.0,80,111
271.0,178.0,80,111
267.0,178.0,80,111
264.0,179.0,80,111
263.0,181.0,80,111
263.0,182.0,80,111
264.0,181.0,80,111
265.0,181.0,80,111
267.0,180.0,80,111
269.0,178.0,80,111
272.0,175.0,80,111
274.0,172.0,80,111
275.0,166.0,80,111
276.0,157.0,80,111
276.0,147.0,80,111
277.0,136.0,80,111
279.0,124.0,80,111
280.0,112.0,80,111
281.0,101.0,80,111
282.0,91.0,80,111
282.0,80.0,80,111
282.0,71.0,80,111
281.0,64.0,80,111
281.0,58.0,80,111
281.0,52.0,80,111
281.0,47.0,80,111
281.0,43.0,80,111
282.0,40.0,80,111
283.0,38.0,80,111
284.0,37.0,80,111
286.0,37.0,80,111
289.0,38.0,80,111
293.0,39.0,80,111
298.0,39.0,80,111
303.0,41.0,80,111
308.0,43.0,80,111
314.0,44.0,80,111
320.0,47.0,80,111
327.0,49.0,80,111
335.0,49.0,80,111
344.0,48.0,80,111
353.0,49.0,80,111
363.0,49.0,80,111
375.0,49.0,80,111
386.0,51.0,80,111
396.0,53.0,80,111
407.0,55.0,80,111
418.0,57.0,80,111
407.0,61.0,80,111
434.0,160.0,80,111
444.0,166.0,80,111
448.0,169.0,80,111
447.0,170.0,80,111
442.0,167.0,80,111
440.0,165.0,80,111
441.0,165.0,80,111
441.0,165.0,80,111
442.0,166.0,80,111
442.0,166.0,80,111
442.0,166.0,80,111
441.0,166.0,80,111
440.0,166.0,80,111
439.0,165.0,80,111
438.0,165.0,80,111
438.0,165.0,80,111
438.0,167.0,80,111
433.0,122.0,80,111
448.0,136.0,80,111
446.0,138.0,80,111
442.0,140.0,80,111
437.0,144.0,80,111
432.0,148.0,80,111
427.0,152.0,80,111
419.0,155.0,80,111
411.0,159.0,80,111
404.0,163.0,80,111
397.0,167.0,80,111
390.0,172.0,80,111
383.0,177.0,80,111
376.0,182.0,80,111
368.0,187.0,80,111
360.0,191.0,80,111
353.0,195.0,80,111
345.0,197.0,80,111
337.0,200.0,80,111
331.0,202.0,80,111
325.0,203.0,80,111
321.0,202.0,80,111
318.0,202.0,80,111
317.0,202.0,80,111
318.0,202.0,80,111
321.0,201.0,80,111
326.0,201.0,80,111
332.0,203.0,80,111
340.0,204.0,80,111
350.0,206.0,80,111
360.0,209.0,80,111
371.0,213.0,80,111
382.0,216.0,80,111
393.0,220.0,80,111
404.0,223.0,80,111
415.0,227.0,80,111
428.0,231.0,80,111
439.0,234.0,80,111
448.0,239.0,80,111
458.0,246.0,80,111
465.0,251.0,80,111
469.0,254.0,80,111
471.0,255.0,80,111
471.0,253.0,80,111
468.0,251.0,80,111
463.0,247.0,80,111
458.0,240.0,80,111
453.0,233.0,80,111
449.0,229.0,80,111
447.0,229.0,80,111
447.0,228.0,80,111
449.0,226.0,80,111
450.0,223.0,80,111
451.0,220.0,80,111
452.0,216.0,80,111
454.0,212.0,80,111
456.0,211.0,80,111
456.0,212.0,80,111
454.0,212.0,80,111
451.0,212.0,80,111
446.0,211.0,80,111
439.0,209.0,80,111
430.0,206.0,80,111
420.0,206.0,80,111
408.0,206.0,80,111
395.0,205.0,80,111
381.0,204.0,80,111
367.0,203.0,80,111
349.0,201.0,80,111
333.0,198.0,80,111
317.0,195.0,80,111
303.0,191.0,80,111
289.0,187.0,80,111
277.0,185.0,80,111
266.0,183.0,80,111
257.0,182.0,80,111
249.0,182.0,80,111
241.0,181.0,80,111
234.0,183.0,80,111
227.0,185.0,80,111
220.0,188.0,80,111
213.0,192.0,80,111
206.0,195.0,80,111
200.0,199.0,80,111
194.0,202.0,80,111
189.0,205.0,80,111
184.0,207.0,80,111
180.0,209.0,80,111
176.0,210.0,80,111
172.0,212.0,80,111
169.0,213.0,80,111
167.0,214.0,80,111
166.0,214.0,80,111
164.0,214.0,80,111
163.0,214.0,80,111
162.0,213.0,80,111
160.0,211.0,80,111
158.0,208.0,80,111
155.0,203.0,80,111
152.0,197.0,80,111
148.0,190.0,80,111
144.0,182.0,80,111
140.0,173.0,80,111
137.0,163.0,80,111
134.0,152.0,80,111
131.0,140.0,80,111
128.0,128.0,80,111
127.0,117.0,80,111
127.0,106.0,80,111
128.0,95.0,80,111
129.0,84.0,80,111
131.0,73.0,80,111
134.0,61.0,80,111
139.0,49.0,80,111
145.0,40.0,80,111
151.0,32.0,80,111
159.0,25.0,80,111
171.0,20.0,80,111
182.0,17.0,80,111
189.0,14.0,80,111
200.0,10.0,80,111
209.0,8.0,80,111
220.0,6.0,80,111
229.0,5.0,80,111
236.0,4.0,80,111
241.0,3.0,80,111
247.0,3.0,80,111
251.0,4.0,80,111
254.0,5.0,80,111
256.0,6.0,80,111
258.0,8.0,80,111
258.0,11.0,80,111
258.0,13.0,80,111
258.0,14.0,80,111
257.0,15.0,80,111
255.0,18.0,80,111
254.0,20.0,80,111
253.0,22.0,80,111
252.0,24.0,80,111
251.0,27.0,80,111
250.0,30.0,80,111
251.0,33.0,80,111
251.0,35.0,80,111
253.0,36.0,80,111
256.0,38.0,80,111
258.0,39.0,80,111
261.0,40.0,80,111
264.0,42.0,80,111
266.0,44.0,80,111
267.0,43.0,80,111
268.0,41.0,80,111
271.0,39.0,80,111
275.0,39.0,80,111
278.0,40.0,80,111
281.0,41.0,80,111
282.0,41.0,80,111
281.0,41.0,80,111
280.0,41.0,80,111
279.0,42.0,80,111
278.0,44.0,80,111
278.0,46.0,80,111
278.0,49.0,80,111
278.0,52.0,80,111
277.0,54.0,80,111
275.0,56.0,80,111
274.0,57.0,80,111
273.0,60.0,80,111
274.0,62.0,80,111
274.0,66.0,80,111
275.0,69.0,80,111
276.0,72.0,80,111
277.0,74.0,80,111
277.0,76.0,80,111
277.0,79.0,80,111
277.0,81.0,80,111
277.0,84.0,80,111
278.0,86.0,80,111
278.0,89.0,80,111
279.0,92.0,80,111
279.0,95.0,80,111
279.0,98.0,80,111
279.0,102.0,80,111
279.0,106.0,80,111
280.0,109.0,80,111
282.0,112.0,80,111
284.0,115.0,80,111
286.0,118.0,80,111
288.0,121.0,80,111
290.0,124.0,80,111
292.0,127.0,80,111
294.0,130.0,80,111
296.0,133.0,80,111
298.0,135.0,80,111
300.0,138.0,80,111
301.0,140.0,80,111
304.0,141.0,80,111
306.0,142.0,80,111
307.0,143.0,80,111
308.0,144.0,80,111
308.0,145.0,80,111
309.0,145.0,80,111
309.0,145.0,80,111
309.0,146.0,80,111
309.0,146.0,80,111
309.0,146.0,80,111
309.0,146.0,80,111
309.0,146.0,80,111
309.0,145.0,80,111
308.0,143.0,80,111
307.0,142.0,80,111
307.0,140.0,80,111
306.0,139.0,80,111
305.0,137.0,80,111
304.0,135.0,80,111
306.0,138.0,80,111
307.0,139.0,80,111
307.0,139.0,80,111
306.0,139.0,80,111
306.0,139.0,80,111
308.0,142.0,80,111
308.0,142.0,80,111
308.0,141.0,80,111
307.0,140.0,80,111
307.0,139.0,80,111
307.0,139.0,80,111
307.0,139.0,80,111
307.0,140.0,80,111
308.0,141.0,80,111
308.0,141.0,80,111
308.0,141.0,80,111
308.0,140.0,80,111
308.0,140.0,80,111
308.0,141.0,80,111
308.0,141.0,80,111
308.0,141.0,80,111
308.0,141.0,80,111
308.0,141.0,80,111
308.0,141.0,80,111
308.0,141.0,80,111
308.0,141.0,80,111
308.0,141.0,80,111
308.0,141.0,80,111
308.0,141.0,80,111
308.0,141.0,80,111
308.0,141.0,80,111
308.0,141.0,80,111
308.0,141.0,80,111
308.0,141.0,80,111
308.0,141.0,80,111
308.0,141.0,80,111
308.0,141.0,80,111
308.0,141.0,80,111
308.0,141.0,80,111
308.0,141.0,80,111
308.0,141.0,80,111
308.0,141.0,80,111
308.0,141.0,80,111
308.0,141.0,80,111
308.0,141.0,80,111
308.0,141.0,80,111
308.0,141.0,80,111
308.0,141.0,80,111
308.0,141.0,80,111
308.0,141.0,80,111
308.0,141.0,80,111
308.0,141.0,80,111
308.0,141.0,80,111
308.0,141.0,80,111
308.0,141.0,80,111
308.0,141.0,80,111
308.0,141.0,80,111
308.0,141.0,80,111
308.0,141.0,80,111
308.0,141.0,80,111
308.0,141.0,80,111
308.0,141.0,80,111
308.0,141.0,80,111
308.0,141.0,80,111
308.0,141.0,80,111
308.0,141.0,80,111
308.0,141.0,80,111
308.0,141.0,80,111
308.0,141.0,80,111
308.0,141.0,80,111
308.0,141.0,80,111
308.0,141.0,80,111
308.0,141.0,80,111
308.0,141.0,80,111
308.0,141.0,80,111
308.0,141.0,80,111
308.0,141.0,80,111
308.0,141.0,80,111
308.0,141.0,80,111
308.0,141.0,80,111
308.0,141.0,80,111
308.0,141.0,80,111
308.0,141.0,80,111
308.0,141.0,80,111
308.0,141.0,80,111
308.0,141.0,80,111
308.0,141.0,80,111
308.0,141.0,80,111
308.0,141.0,80,111
308.0,141.0,80,111
308.0,141.0,80,111
308.0,141.0,80,111
308.0,141.0,80,111
308.0,141.0,80,111
308.0,141.0,80,111
308.0,141.0,80,111
308.0,141.0,80,111
308.0,141.0,80,111
308.0,141.0,80,111
308.0,141.0,80,111
308.0,141.0,80,111
308.0,141.0,80,111
308.0,141.0,80,111
308.0,141.0,80,111
308.0,141.0,80,111
308.0,141.0,80,111
308.0,141.0,80,111
308.0,141.0,80,111
308.0,141.0,80,111
308.0,141.0,80,111
308.0,141.0,80,111
308.0,141.0,80,111
308.0,141.0,80,111
308.0,141.0,80,111
308.0,141.0,80,111
308.0,141.0,80,111
308.0,141.0,80,111
308.0,141.0,80,111
308.0,141.0,80,111
308.0,141.0,80,111
308.0,141.0,80,111
308.0,141.0,80,111
308.0,141.0,80,111
308.0,141.0,80,111
308.0,141.0,80,111
308.0,141.0,80,111
308.0,141.0,80,111
308.0,141.0,80,111
308.0,141.0,80,111
308.0,141.0,80,111
308.0,141.0,80,111
308.0,141.0,80,111
308.0,141.0,80,111
308.0,141.0,80,111
308.0,141.0,80,111
308.0,141.0,80,111
308.0,141.0,80,111
308.0,141.0,80,111
308.0,141.0,80,111
308.0,141.0,80,111
308.0,141.0,80,111
308.0,141.0,80,111
308.0,141.0,80,111
308.0,141.0,80,111
308.0,141.0,80,111
308.0,141.0,80,111
308.0,141.0,80,111
308.0,141.0,80,111
308.0,141.0,80,111
308.0,141.0,80,111
308.0,141.0,80,111
308.0,141.0,80,111
308.0,141.0,80,111
308.0,141.0,80,111
308.0,141.0,80,111
308.0,141.0,80,111
308.0,141.0,80,111
308.0,141.0,80,111
308.0,141.0,80,111
308.0,141.0,80,111
308.0,141.0,80,111
308.0,141.0,80,111
308.0,141.0,80,111
308.0,141.0,80,111
308.0,141.0,80,111
308.0,141.0,80,111
308.0,141.0,80,111
308.0,141.0,80,111
308.0,141.0,80,111
308.0,141.0,80,111
308.0,141.0,80,111
308.0,141.0,80,111
308.0,141.0,80,111
308.0,141.0,80,111
308.0,141.0,80,111
308.0,141.0,80,111
308.0,141.0,80,111
308.0,141.0,80,111
308.0,141.0,80,111
309.0,142.0,80,111
309.0,142.0,80,111
309.0,143.0,80,111
309.0,143.0,80,111
309.0,143.0,80,111
310.0,144.0,80,111
310.0,144.0,80,111
310.0,144.0,80,111
310.0,143.0,80,111
309.0,142.0,80,111
310.0,143.0,80,111
310.0,143.0,80,111
310.0,143.0,80,111
310.0,143.0,80,111
305.0,184.0,80,111
300.0,213.0,80,111
295.0,242.0,80,111
308.0,143.0,80,111
307.0,142.0,80,111
307.0,141.0,80,111
308.0,142.0,80,111
309.0,142.0,80,111
309.0,143.0,80,111
308.0,142.0,80,111
308.0,142.0,80,111
308.0,142.0,80,111
308.0,142.0,80,111
308.0,142.0,80,111
308.0,142.0,80,111
308.0,142.0,80,111
308.0,142.0,80,111
308.0,142.0,80,111
308.0,142.0,80,111
308.0,142.0,80,111
308.0,142.0,80,111
308.0,142.0,80,111
308.0,142.0,80,111
308.0,142.0,80,111
308.0,142.0,80,111
308.0,142.0,80,111
308.0,142.0,80,111
308.0,142.0,80,111
308.0,142.0,80,111
308.0,142.0,80,111
308.0,142.0,80,111
308.0,142.0,80,111
308.0,142.0,80,111
308.0,142.0,80,111
308.0,142.0,80,111
308.0,142.0,80,111
308.0,142.0,80,111
308.0,142.0,80,111
308.0,142.0,80,111
308.0,142.0,80,111
308.0,142.0,80,111
308.0,142.0,80,111
308.0,142.0,80,111
308.0,142.0,80,111
308.0,142.0,80,111
308.0,142.0,80,111
308.0,142.0,80,111
308.0,142.0,80,111
307.0,142.0,80,111
307.0,142.0,80,111
306.0,142.0,80,111
305.0,142.0,80,111
304.0,142.0,80,111
305.0,142.0,80,111
300.0,184.0,80,111
295.0,176.0,80,111
290.0,205.0,80,111
312.0,197.0,80,111
280.0,190.0,80,111
274.0,191.0,80,111
271.0,192.0,80,111
267.0,194.0,80,111
263.0,195.0,80,111
256.0,195.0,80,111
278.0,187.0,80,111
237.0,194.0,80,111
219.0,194.0,80,111
212.0,192.0,80,111
202.0,192.0,80,111
193.0,192.0,80,111
186.0,191.0,80,111
178.0,189.0,80,111
170.0,188.0,80,111
164.0,188.0,80,111
160.0,187.0,80,111
157.0,186.0,80,111
156.0,185.0,80,111
156.0,184.0,80,111
178.0,176.0,80,111
162.0,183.0,80,111
163.0,184.0,80,111
165.0,185.0,80,111
168.0,185.0,80,111
172.0,183.0,80,111
174.0,180.0,80,111
177.0,179.0,80,111
178.0,178.0,80,111
178.0,178.0,80,111
178.0,178.0,80,111
177.0,178.0,80,111
172.0,207.0,80,111
194.0,199.0,80,111
178.0,177.0,80,111
200.0,206.0,80,111
179.0,176.0,80,111
174.0,205.0,80,111
196.0,197.0,80,111
178.0,178.0,80,111
178.0,178.0,80,111
178.0,178.0,80,111
178.0,178.0,80,111
173.0,207.0,80,111
178.0,179.0,80,111
178.0,178.0,80,111
178.0,178.0,80,111
178.0,178.0,80,111
178.0,178.0,80,111
178.0,178.0,80,111
178.0,178.0,80,111
178.0,178.0,80,111
178.0,178.0,80,111
178.0,178.0,80,111
178.0,178.0,80,111
178.0,178.0,80,111
178.0,178.0,80,111
178.0,178.0,80,111
178.0,178.0,80,111
178.0,178.0,80,111
178.0,178.0,80,111
178.0,178.0,80,111
178.0,178.0,80,111
173.0,207.0,80,111
178.0,178.0,80,111
173.0,207.0,80,111
195.0,199.0,80,111
179.0,178.0,80,111
178.0,178.0,80,111
178.0,178.0,80,111
173.0,207.0,80,111
195.0,199.0,80,111
179.0,179.0,80,111
178.0,178.0,80,111
178.0,178.0,80,111
178.0,178.0,80,111
178.0,178.0,80,111
178.0,178.0,80,111
178.0,178.0,80,111
178.0,178.0,80,111
178.0,178.0,80,111
178.0,178.0,80,111
178.0,178.0,80,111
178.0,178.0,80,111
173.0,207.0,80,111
195.0,199.0,80,111
190.0,191.0,80,111
179.0,179.0,80,111
178.0,179.0,80,111
173.0,208.0,80,111
195.0,200.0,80,111
190.0,192.0,80,111
179.0,179.0,80,111
179.0,179.0,80,111
179.0,179.0,80,111
179.0,179.0,80,111
179.0,179.0,80,111
179.0,179.0,80,111
179.0,179.0,80,111
179.0,179.0,80,111
174.0,208.0,80,111
179.0,179.0,80,111
179.0,179.0,80,111
179.0,179.0,80,111
179.0,179.0,80,111
179.0,179.0,80,111
174.0,208.0,80,111
179.0,180.0,80,111
179.0,179.0,80,111
179.0,179.0,80,111
179.0,179.0,80,111
179.0,179.0,80,111
179.0,179.0,80,111
179.0,179.0,80,111
179.0,179.0,80,111
179.0,179.0,80,111
174.0,208.0,80,111
179.0,180.0,80,111
174.0,209.0,80,111
179.0,180.0,80,111
179.0,179.0,80,111
179.0,179.0,80,111
174.0,208.0,80,111
179.0,180.0,80,111
179.0,179.0,80,111
174.0,208.0,80,111
179.0,180.0,80,111
179.0,179.0,80,111
174.0,208.0,80,111
179.0,180.0,80,111
179.0,180.0,80,111
179.0,180.0,80,111
179.0,180.0,80,111
179.0,180.0,80,111
179.0,180.0,80,111
179.0,180.0,80,111
179.0,180.0,80,111
179.0,180.0,80,111
174.0,209.0,80,111
196.0,201.0,80,111
179.0,180.0,80,111
179.0,180.0,80,111
179.0,180.0,80,111
179.0,180.0,80,111
179.0,180.0,80,111
179.0,180.0,80,111
179.0,180.0,80,111
201.0,209.0,80,111
196.0,201.0,80,111
179.0,180.0,80,111
179.0,180.0,80,111
174.0,209.0,80,111
196.0,201.0,80,111
180.0,180.0,80,111
179.0,180.0,80,111
179.0,180.0,80,111
179.0,180.0,80,111
179.0,180.0,80,111
179.0,180.0,80,111
179.0,180.0,80,111
179.0,180.0,80,111
179.0,180.0,80,111
179.0,180.0,80,111
179.0,180.0,80,111
179.0,180.0,80,111
179.0,180.0,80,111
179.0,180.0,80,111
179.0,180.0,80,111
179.0,180.0,80,111
179.0,180.0,80,111
179.0,180.0,80,111
179.0,180.0,80,111
179.0,180.0,80,111
179.0,180.0,80,111
179.0,180.0,80,111
179.0,180.0,80,111
179.0,180.0,80,111
179.0,180.0,80,111
174.0,209.0,80,111
179.0,180.0,80,111
179.0,180.0,80,111
179.0,180.0,80,111
179.0,180.0,80,111
179.0,180.0,80,111
179.0,180.0,80,111
179.0,180.0,80,111
179.0,180.0,80,111
179.0,180.0,80,111
179.0,180.0,80,111
179.0,180.0,80,111
179.0,180.0,80,111
179.0,180.0,80,111
179.0,180.0,80,111
179.0,180.0,80,111
179.0,180.0,80,111
179.0,180.0,80,111
179.0,180.0,80,111
179.0,180.0,80,111
179.0,180.0,80,111
179.0,180.0,80,111
179.0,180.0,80,111
179.0,180.0,80,111
179.0,180.0,80,111
179.0,180.0,80,111
179.0,180.0,80,111
179.0,180.0,80,111
179.0,180.0,80,111
179.0,180.0,80,111
179.0,180.0,80,111
179.0,180.0,80,111
179.0,180.0,80,111
179.0,180.0,80,111
179.0,180.0,80,111
179.0,180.0,80,111
179.0,180.0,80,111
179.0,180.0,80,111
179.0,180.0,80,111
179.0,180.0,80,111
179.0,180.0,80,111
179.0,180.0,80,111
179.0,180.0,80,111
179.0,180.0,80,111
179.0,180.0,80,111
179.0,180.0,80,111
179.0,180.0,80,111
179.0,180.0,80,111
179.0,180.0,80,111
179.0,180.0,80,111
179.0,180.0,80,111
179.0,180.0,80,111
179.0,180.0,80,111
179.0,180.0,80,111
179.0,180.0,80,111
179.0,180.0,80,111
179.0,180.0,80,111
179.0,180.0,80,111
179.0,180.0,80,111
201.0,209.0,80,111
180.0,180.0,80,111
179.0,180.0,80,111
179.0,180.0,80,111
179.0,180.0,80,111
179.0,180.0,80,111
179.0,180.0,80,111
179.0,180.0,80,111
179.0,180.0,80,111
179.0,180.0,80,111
179.0,180.0,80,111
179.0,180.0,80,111
179.0,180.0,80,111
179.0,180.0,80,111
179.0,180.0,80,111
179.0,180.0,80,111
179.0,180.0,80,111
179.0,180.0,80,111
179.0,180.0,80,111
179.0,180.0,80,111
179.0,180.0,80,111
179.0,180.0,80,111
179.0,180.0,80,111
179.0,180.0,80,111
179.0,180.0,80,111
179.0,180.0,80,111
179.0,180.0,80,111
179.0,180.0,80,111
179.0,180.0,80,111
179.0,180.0,80,111
179.0,180.0,80,111
179.0,180.0,80,111
179.0,180.0,80,111
179.0,180.0,80,111
179.0,180.0,80,111
179.0,180.0,80,111
179.0,180.0,80,111
179.0,180.0,80,111
179.0,180.0,80,111
179.0,180.0,80,111
179.0,180.0,80,111
179.0,180.0,80,111
179.0,180.0,80,111
179.0,180.0,80,111
179.0,180.0,80,111
179.0,180.0,80,111
179.0,180.0,80,111
179.0,180.0,80,111
179.0,180.0,80,111
179.0,180.0,80,111
179.0,180.0,80,111
179.0,180.0,80,111
179.0,180.0,80,111
179.0,180.0,80,111
174.0,209.0,80,111
179.0,180.0,80,111
179.0,180.0,80,111
179.0,180.0,80,111
179.0,180.0,80,111
179.0,180.0,80,111
179.0,180.0,80,111
179.0,180.0,80,111
179.0,180.0,80,111
179.0,180.0,80,111
179.0,180.0,80,111
179.0,180.0,80,111
179.0,180.0,80,111
179.0,180.0,80,111
179.0,180.0,80,111
179.0,180.0,80,111
179.0,180.0,80,111
179.0,180.0,80,111
179.0,180.0,80,111
179.0,180.0,80,111
179.0,180.0,80,111
179.0,180.0,80,111
179.0,180.0,80,111
179.0,180.0,80,111
179.0,180.0,80,111
179.0,180.0,80,111
179.0,180.0,80,111
179.0,180.0,80,111
179.0,180.0,80,111
179.0,180.0,80,111
179.0,180.0,80,111
179.0,180.0,80,111
179.0,180.0,80,111
179.0,180.0,80,111
179.0,180.0,80,111
179.0,180.0,80,111
179.0,180.0,80,111
179.0,180.0,80,111
179.0,180.0,80,111
179.0,180.0,80,111
179.0,180.0,80,111
179.0,180.0,80,111
179.0,180.0,80,111
179.0,180.0,80,111
179.0,180.0,80,111
179.0,180.0,80,111
179.0,180.0,80,111
179.0,180.0,80,111
179.0,180.0,80,111
179.0,180.0,80,111
179.0,180.0,80,111
179.0,180.0,80,111
179.0,180.0,80,111
179.0,180.0,80,111
179.0,180.0,80,111
179.0,180.0,80,111
179.0,180.0,80,111
179.0,180.0,80,111
179.0,180.0,80,111
179.0,180.0,80,111
179.0,180.0,80,111
179.0,180.0,80,111
179.0,180.0,80,111
179.0,180.0,80,111
179.0,180.0,80,111
179.0,180.0,80,111
179.0,180.0,80,111
179.0,180.0,80,111
179.0,180.0,80,111
179.0,180.0,80,111
179.0,180.0,80,111
179.0,180.0,80,111
179.0,180.0,80,111
179.0,180.0,80,111
179.0,180.0,80,111
179.0,180.0,80,111
179.0,180.0,80,111
179.0,180.0,80,111
179.0,180.0,80,111
179.0,180.0,80,111
179.0,180.0,80,111
179.0,180.0,80,111
179.0,180.0,80,111
179.0,180.0,80,111
179.0,180.0,80,111
179.0,180.0,80,111
179.0,180.0,80,111
179.0,180.0,80,111
179.0,180.0,80,111
179.0,180.0,80,111
179.0,180.0,80,111
179.0,180.0,80,111
179.0,180.0,80,111
179.0,180.0,80,111
179.0,180.0,80,111
179.0,180.0,80,111
179.0,180.0,80,111
179.0,180.0,80,111
179.0,180.0,80,111
179.0,180.0,80,111
179.0,180.0,80,111
179.0,180.0,80,111
179.0,180.0,80,111
179.0,180.0,80,111
179.0,180.0,80,111
179.0,180.0,80,111
179.0,180.0,80,111
179.0,180.0,80,111
179.0,180.0,80,111
179.0,180.0,80,111
179.0,180.0,80,111
179.0,180.0,80,111
179.0,180.0,80,111
179.0,180.0,80,111
179.0,180.0,80,111
179.0,180.0,80,111
179.0,180.0,80,111
179.0,180.0,80,111
179.0,180.0,80,111
179.0,180.0,80,111
179.0,180.0,80,111
179.0,180.0,80,111
179.0,180.0,80,111
179.0,180.0,80,111
179.0,180.0,80,111
179.0,180.0,80,111
179.0,180.0,80,111
179.0,180.0,80,111
179.0,180.0,80,111
179.0,180.0,80,111
179.0,180.0,80,111
179.0,180.0,80,111
179.0,180.0,80,111
179.0,180.0,80,111
179.0,180.0,80,111
179.0,180.0,80,111
179.0,180.0,80,111
179.0,180.0,80,111
179.0,180.0,80,111
179.0,180.0,80,111
179.0,180.0,80,111
179.0,180.0,80,111
179.0,180.0,80,111
179.0,180.0,80,111
179.0,180.0,80,111
179.0,180.0,80,111
179.0,180.0,80,111
179.0,180.0,80,111
179.0,180.0,80,111
179.0,180.0,80,111
179.0,180.0,80,111
179.0,180.0,80,111
179.0,180.0,80,111
179.0,180.0,80,111
179.0,180.0,80,111
179.0,180.0,80,111
179.0,180.0,80,111
179.0,180.0,80,111
179.0,180.0,80,111
179.0,180.0,80,111
179.0,180.0,80,111
179.0,180.0,80,111
179.0,180.0,80,111
179.0,180.0,80,111
179.0,180.0,80,111
179.0,180.0,80,111
179.0,180.0,80,111
179.0,180.0,80,111
179.0,180.0,80,111
179.0,180.0,80,111
179.0,180.0,80,111
179.0,180.0,80,111
179.0,180.0,80,111
179.0,180.0,80,111
179.0,180.0,80,111
179.0,180.0,80,111
179.0,180.0,80,111
179.0,180.0,80,111
179.0,180.0,80,111
179.0,180.0,80,111
179.0,180.0,80,111
179.0,180.0,80,111
179.0,180.0,80,111
179.0,180.0,80,111
179.0,180.0,80,111
179.0,180.0,80,111
179.0,180.0,80,111
179.0,180.0,80,111
179.0,180.0,80,111
179.0,180.0,80,111
179.0,180.0,80,111
179.0,180.0,80,111
179.0,180.0,80,111
179.0,180.0,80,111
179.0,180.0,80,111
179.0,180.0,80,111
179.0,180.0,80,111
179.0,180.0,80,111
179.0,180.0,80,111
179.0,180.0,80,111
179.0,180.0,80,111
179.0,180.0,80,111
179.0,180.0,80,111
179.0,180.0,80,111
179.0,180.0,80,111
179.0,180.0,80,111
179.0,180.0,80,111
179.0,180.0,80,111
179.0,180.0,80,111
179.0,180.0,80,111
179.0,180.0,80,111
179.0,180.0,80,111
179.0,180.0,80,111
179.0,180.0,80,111
179.0,180.0,80,111
179.0,180.0,80,111
179.0,180.0,80,111
179.0,180.0,80,111
179.0,180.0,80,111
179.0,180.0,80,111
179.0,180.0,80,111
179.0,180.0,80,111
179.0,180.0,80,111
179.0,180.0,80,111
179.0,180.0,80,111
179.0,180.0,80,111
179.0,180.0,80,111
179.0,180.0,80,111
179.0,180.0,80,111
179.0,180.0,80,111
179.0,180.0,80,111
179.0,180.0,80,111
179.0,180.0,80,111
174.0,209.0,80,111
179.0,180.0,80,111
179.0,180.0,80,111
179.0,180.0,80,111
179.0,180.0,80,111
179.0,180.0,80,111
179.0,180.0,80,111
179.0,180.0,80,111
179.0,180.0,80,111
179.0,180.0,80,111
179.0,180.0,80,111
179.0,180.0,80,111
179.0,180.0,80,111
179.0,180.0,80,111
179.0,180.0,80,111
179.0,180.0,80,111
179.0,180.0,80,111
179.0,180.0,80,111
179.0,180.0,80,111
179.0,180.0,80,111
179.0,180.0,80,111
179.0,180.0,80,111
179.0,180.0,80,111
179.0,180.0,80,111
179.0,180.0,80,111
179.0,180.0,80,111
179.0,180.0,80,111
179.0,180.0,80,111
179.0,180.0,80,111
179.0,180.0,80,111
179.0,180.0,80,111
179.0,180.0,80,111
179.0,180.0,80,111
179.0,180.0,80,111
179.0,180.0,80,111
179.0,180.0,80,111
179.0,180.0,80,111
179.0,180.0,80,111
179.0,180.0,80,111
179.0,180.0,80,111
179.0,180.0,80,111
179.0,180.0,80,111
179.0,180.0,80,111
179.0,180.0,80,111
174.0,209.0,80,111
179.0,180.0,80,111
179.0,180.0,80,111
179.0,180.0,80,111
179.0,180.0,80,111
179.0,180.0,80,111
179.0,180.0,80,111
179.0,180.0,80,111
179.0,180.0,80,111
179.0,180.0,80,111
179.0,180.0,80,111
179.0,180.0,80,111
179.0,180.0,80,111
179.0,180.0,80,111
179.0,180.0,80,111
179.0,180.0,80,111
179.0,180.0,80,111
179.0,180.0,80,111
174.0,209.0,80,111
179.0,181.0,80,111