23,88,66,55
24.0,87.0,66,55
23.0,86.0,66,55
23.0,87.0,66,55
24.0,87.0,66,55
24.0,87.0,66,55
23.0,88.0,66,55
24.0,88.0,66,55
24.0,87.0,66,55
24.0,86.0,66,55
24.0,86.0,66,55
24.0,86.0,66,55
24.0,85.0,66,55
24.0,84.0,66,55
25.0,83.0,66,55
25.0,82.0,66,55
25.0,81.0,66,55
26.0,81.0,66,55
26.0,80.0,66,55
26.0,80.0,66,55
26.0,81.0,66,55
26.0,81.0,66,55
27.0,81.0,66,55
27.0,81.0,66,55
27.0,81.0,66,55
28.0,81.0,66,55
29.0,80.0,66,55
29.0,80.0,66,55
29.0,80.0,66,55
30.0,80.0,66,55
30.0,80.0,66,55
31.0,80.0,66,55
31.0,80.0,66,55
31.0,80.0,66,55
32.0,80.0,66,55
32.0,79.0,66,55
32.0,78.0,66,55
33.0,77.0,66,55
33.0,76.0,66,55
33.0,75.0,66,55
34.0,74.0,66,55
34.0,74.0,66,55
35.0,74.0,66,55
35.0,74.0,66,55
35.0,75.0,66,55
36.0,76.0,66,55
36.0,78.0,66,55
36.0,78.0,66,55
36.0,79.0,66,55
36.0,79.0,66,55
36.0,79.0,66,55
36.0,78.0,66,55
36.0,78.0,66,55
36.0,77.0,66,55
36.0,77.0,66,55
36.0,77.0,66,55
36.0,78.0,66,55
37.0,78.0,66,55
37.0,79.0,66,55
37.0,80.0,66,55
37.0,80.0,66,55
37.0,80.0,66,55
38.0,80.0,66,55
37.0,80.0,66,55
37.0,80.0,66,55
37.0,80.0,66,55
37.0,79.0,66,55
38.0,78.0,66,55
37.0,78.0,66,55
38.0,78.0,66,55
38.0,77.0,66,55
38.0,76.0,66,55
38.0,76.0,66,55
39.0,76.0,66,55
39.0,75.0,66,55
39.0,75.0,66,55
39.0,76.0,66,55
40.0,75.0,66,55
40.0,74.0,66,55
40.0,74.0,66,55
41.0,74.0,66,55
41.0,74.0,66,55
41.0,73.0,66,55
42.0,72.0,66,55
42.0,72.0,66,55
42.0,72.0,66,55
42.0,73.0,66,55
42.0,73.0,66,55
43.0,73.0,66,55
43.0,73.0,66,55
43.0,73.0,66,55
43.0,72.0,66,55
44.0,72.0,66,55
44.0,71.0,66,55
44.0,72.0,66,55
44.0,72.0,66,55
44.0,71.0,66,55
44.0,72.0,66,55
44.0,71.0,66,55
44.0,71.0,66,55
44.0,71.0,66,55
44.0,72.0,66,55
44.0,72.0,66,55
44.0,72.0,66,55
44.0,71.0,66,55
44.0,70.0,66,55
44.0,68.0,66,55
44.0,67.0,66,55
44.0,65.0,66,55
44.0,64.0,66,55
44.0,64.0,66,55
44.0,63.0,66,55
44.0,63.0,66,55
44.0,63.0,66,55
44.0,63.0,66,55
44.0,64.0,66,55
44.0,66.0,66,55
44.0,67.0,66,55
43.0,68.0,66,55
43.0,69.0,66,55
43.0,69.0,66,55
43.0,70.0,66,55
43.0,70.0,66,55
43.0,70.0,66,55
43.0,69.0,66,55
43.0,68.0,66,55
43.0,67.0,66,55
43.0,66.0,66,55
43.0,65.0,66,55
43.0,65.0,66,55
43.0,65.0,66,55
43.0,65.0,66,55
42.0,65.0,66,55
42.0,66.0,66,55
42.0,66.0,66,55
41.0,67.0,66,55
40.0,67.0,66,55
40.0,66.0,66,55
39.0,66.0,66,55
39.0,66.0,66,55
38.0,66.0,66,55
38.0,66.0,66,55
37.0,65.0,66,55
37.0,65.0,66,55
37.0,65.0,66,55
37.0,65.0,66,55
36.0,65.0,66,55
36.0,65.0,66,55
36.0,66.0,66,55
36.0,66.0,66,55
35.0,67.0,66,55
35.0,67.0,66,55
34.0,67.0,66,55
34.0,67.0,66,55
34.0,66.0,66,55
33.0,65.0,66,55
33.0,64.0,66,55
32.0,62.0,66,55
32.0,63.0,66,55
31.0,63.0,66,55
31.0,63.0,66,55
30.0,64.0,66,55
30.0,65.0,66,55
29.0,65.0,66,55
28.0,66.0,66,55
28.0,66.0,66,55
27.0,66.0,66,55
27.0,66.0,66,55
26.0,66.0,66,55
25.0,66.0,66,55
25.0,66.0,66,55
24.0,66.0,66,55
24.0,66.0,66,55
24.0,66.0,66,55
23.0,66.0,66,55
23.0,66.0,66,55
23.0,66.0,66,55
23.0,67.0,66,55
22.0,67.0,66,55
23.0,67.0,66,55
23.0,67.0,66,55
24.0,67.0,66,55
25.0,67.0,66,55
24.0,68.0,66,55
23.0,68.0,66,55
23.0,68.0,66,55
22.0,68.0,66,55
22.0,68.0,66,55
21.0,68.0,66,55
20.0,69.0,66,55
20.0,69.0,66,55
19.0,70.0,66,55
19.0,70.0,66,55
18.0,70.0,66,55
17.0,71.0,66,55
17.0,71.0,66,55
16.0,71.0,66,55
14.0,72.0,66,55
13.0,72.0,66,55
13.0,72.0,66,55
12.0,72.0,66,55
12.0,73.0,66,55
11.0,74.0,66,55
11.0,73.0,66,55
12.0,73.0,66,55
13.0,73.0,66,55
13.0,72.0,66,55
13.0,73.0,66,55
12.0,71.0,66,55
12.0,69.0,66,55
12.0,69.0,66,55
12.0,69.0,66,55
12.0,68.0,66,55
12.0,68.0,66,55
12.0,68.0,66,55
12.0,68.0,66,55
10.0,69.0,66,55
9.0,69.0,66,55
8.0,69.0,66,55
8.0,70.0,66,55
9.0,71.0,66,55
9.0,70.0,66,55
9.0,70.0,66,55
9.0,71.0,66,55
10.0,70.0,66,55
9.0,70.0,66,55
10.0,70.0,66,55
10.0,69.0,66,55
10.0,69.0,66,55
10.0,69.0,66,55
10.0,68.0,66,55
10.0,68.0,66,55
11.0,69.0,66,55
10.0,69.0,66,55
10.0,70.0,66,55
10.0,72.0,66,55
10.0,72.0,66,55
10.0,73.0,66,55
10.0,73.0,66,55
10.0,72.0,66,55
10.0,72.0,66,55
11.0,71.0,66,55
11.0,70.0,66,55
11.0,70.0,66,55
12.0,70.0,66,55
13.0,71.0,66,55
15.0,71.0,66,55
16.0,72.0,66,55
17.0,73.0,66,55
18.0,73.0,66,55
19.0,73.0,66,55
20.0,73.0,66,55
21.0,72.0,66,55
22.0,72.0,66,55
23.0,72.0,66,55
24.0,71.0,66,55
26.0,71.0,66,55
27.0,71.0,66,55
28.0,72.0,66,55
29.0,74.0,66,55
30.0,74.0,66,55
31.0,75.0,66,55
33.0,75.0,66,55
34.0,75.0,66,55
35.0,76.0,66,55
36.0,76.0,66,55
37.0,77.0,66,55
38.0,77.0,66,55
39.0,78.0,66,55
40.0,78.0,66,55
41.0,79.0,66,55
42.0,80.0,66,55
43.0,80.0,66,55
45.0,80.0,66,55
46.0,81.0,66,55
47.0,81.0,66,55
48.0,81.0,66,55
50.0,81.0,66,55
50.0,80.0,66,55
52.0,79.0,66,55
53.0,78.0,66,55
54.0,78.0,66,55
56.0,79.0,66,55
57.0,79.0,66,55
58.0,80.0,66,55
60.0,81.0,66,55
61.0,82.0,66,55
62.0,82.0,66,55
64.0,82.0,66,55
65.0,82.0,66,55
66.0,82.0,66,55
68.0,81.0,66,55
69.0,82.0,66,55
70.0,82.0,66,55
72.0,82.0,66,55
73.0,83.0,66,55
74.0,83.0,66,55
75.0,83.0,66,55
76.0,83.0,66,55
44.0,75.0,66,55
78.0,83.0,66,55
88.0,56.0,66,55
83.0,82.0,66,55
88.0,75.0,66,55
85.0,84.0,66,55
66.0,75.0,66,55
87.0,84.0,66,55
88.0,85.0,66,55
89.0,86.0,66,55
66.0,75.0,66,55
92.0,85.0,66,55
93.0,86.0,66,55
95.0,86.0,66,55
110.0,75.0,66,55
98.0,86.0,66,55
99.0,87.0,66,55
101.0,89.0,66,55
102.0,91.0,66,55
104.0,92.0,66,55
105.0,93.0,66,55
106.0,93.0,66,55
108.0,94.0,66,55
109.0,95.0,66,55
110.0,95.0,66,55
112.0,96.0,66,55
112.0,96.0,66,55
114.0,97.0,66,55
115.0,97.0,66,55
115.0,97.0,66,55
116.0,97.0,66,55
117.0,97.0,66,55
117.0,97.0,66,55
118.0,98.0,66,55
119.0,98.0,66,55
120.0,98.0,66,55
121.0,99.0,66,55
110.0,113.0,66,55
110.0,113.0,66,55
110.0,113.0,66,55
110.0,94.0,66,55
127.0,101.0,66,55
110.0,113.0,66,55
110.0,94.0,66,55
104.0,92.0,66,55
105.0,93.0,66,55
106.0,93.0,66,55
107.0,93.0,66,55
108.0,93.0,66,55
110.0,93.0,66,55
111.0,93.0,66,55
112.0,93.0,66,55
114.0,93.0,66,55
115.0,93.0,66,55
116.0,93.0,66,55
117.0,94.0,66,55
118.0,93.0,66,55
119.0,94.0,66,55
120.0,94.0,66,55
120.0,94.0,66,55
121.0,94.0,66,55
123.0,93.0,66,55
125.0,92.0,66,55
127.0,92.0,66,55
129.0,92.0,66,55
132.0,93.0,66,55
136.0,94.0,66,55
137.0,94.0,66,55
139.0,95.0,66,55
140.0,95.0,66,55
141.0,95.0,66,55
143.0,96.0,66,55
144.0,95.0,66,55
145.0,95.0,66,55
146.0,95.0,66,55
147.0,95.0,66,55
149.0,95.0,66,55
149.0,95.0,66,55
150.0,96.0,66,55
151.0,96.0,66,55
152.0,96.0,66,55
153.0,97.0,66,55
154.0,97.0,66,55
155.0,98.0,66,55
156.0,99.0,66,55
158.0,99.0,66,55
160.0,100.0,66,55
161.0,101.0,66,55
161.0,101.0,66,55
138.0,94.0,66,55
143.0,92.0,66,55
145.0,92.0,66,55
146.0,92.0,66,55
146.0,92.0,66,55
148.0,93.0,66,55
148.0,93.0,66,55
149.0,94.0,66,55
150.0,97.0,66,55
152.0,100.0,66,55
152.0,101.0,66,55
152.0,103.0,66,55
153.0,103.0,66,55
154.0,103.0,66,55
155.0,103.0,66,55
155.0,102.0,66,55
155.0,102.0,66,55
156.0,102.0,66,55
157.0,103.0,66,55
157.0,104.0,66,55
158.0,104.0,66,55
157.0,105.0,66,55
156.0,104.0,66,55
157.0,104.0,66,55
157.0,103.0,66,55
159.0,102.0,66,55
159.0,101.0,66,55
160.0,101.0,66,55
160.0,101.0,66,55
160.0,101.0,66,55
161.0,100.0,66,55
162.0,100.0,66,55
162.0,98.0,66,55
163.0,99.0,66,55
163.0,99.0,66,55
164.0,99.0,66,55
165.0,100.0,66,55
166.0,100.0,66,55
166.0,101.0,66,55
166.0,101.0,66,55
166.0,101.0,66,55
166.0,101.0,66,55
166.0,100.0,66,55
166.0,100.0,66,55
166.0,100.0,66,55
166.0,99.0,66,55
166.0,99.0,66,55
166.0,98.0,66,55
166.0,98.0,66,55
166.0,98.0,66,55
167.0,98.0,66,55
167.0,98.0,66,55
168.0,98.0,66,55
169.0,99.0,66,55
169.0,99.0,66,55
169.0,99.0,66,55
170.0,100.0,66,55
169.0,100.0,66,55
169.0,101.0,66,55
169.0,101.0,66,55
170.0,101.0,66,55
170.0,101.0,66,55
170.0,101.0,66,55
170.0,101.0,66,55
170.0,101.0,66,55
170.0,101.0,66,55
170.0,101.0,66,55
170.0,101.0,66,55
171.0,102.0,66,55
171.0,102.0,66,55
171.0,103.0,66,55
172.0,104.0,66,55
172.0,104.0,66,55
173.0,105.0,66,55
173.0,105.0,66,55
174.0,105.0,66,55
195.0,94.0,66,55
175.0,104.0,66,55
174.0,94.0,66,55
173.0,75.0,66,55
174.0,102.0,66,55
151.0,94.0,66,55
172.0,101.0,66,55
172.0,101.0,66,55
172.0,101.0,66,55
172.0,101.0,66,55
172.0,101.0,66,55
172.0,102.0,66,55
172.0,103.0,66,55
171.0,94.0,66,55
172.0,103.0,66,55
171.0,103.0,66,55
172.0,104.0,66,55
171.0,104.0,66,55
171.0,104.0,66,55
171.0,104.0,66,55
171.0,104.0,66,55
171.0,104.0,66,55
148.0,113.0,66,55
147.0,113.0,66,55
169.0,105.0,66,55
168.0,75.0,66,55
169.0,102.0,66,55
169.0,104.0,66,55
169.0,104.0,66,55
168.0,103.0,66,55
168.0,103.0,66,55
168.0,103.0,66,55
168.0,102.0,66,55
167.0,101.0,66,55
166.0,75.0,66,55
166.0,100.0,66,55
165.0,75.0,66,55
164.0,98.0,66,55
163.0,75.0,66,55
140.0,75.0,66,55
139.0,75.0,66,55
138.0,75.0,66,55
137.0,75.0,66,55
136.0,75.0,66,55
159.0,96.0,66,55
160.0,100.0,66,55
160.0,100.0,66,55
160.0,100.0,66,55
160.0,101.0,66,55
160.0,100.0,66,55
160.0,100.0,66,55
161.0,100.0,66,55
138.0,94.0,66,55
161.0,101.0,66,55
160.0,75.0,66,55
161.0,99.0,66,55
161.0,100.0,66,55
161.0,100.0,66,55
161.0,100.0,66,55
161.0,100.0,66,55
160.0,75.0,66,55
137.0,75.0,66,55
136.0,75.0,66,55
135.0,56.0,66,55
159.0,93.0,66,55
158.0,75.0,66,55
161.0,94.0,66,55
161.0,96.0,66,55
162.0,97.0,66,55
162.0,97.0,66,55
161.0,75.0,66,55
163.0,97.0,66,55
164.0,99.0,66,55
165.0,100.0,66,55
165.0,100.0,66,55
166.0,100.0,66,55
166.0,99.0,66,55
167.0,99.0,66,55
167.0,99.0,66,55
167.0,99.0,66,55
168.0,100.0,66,55
167.0,75.0,66,55
166.0,75.0,66,55
165.0,94.0,66,55
164.0,75.0,66,55
141.0,75.0,66,55
165.0,95.0,66,55
165.0,94.0,66,55
166.0,94.0,66,55
167.0,95.0,66,55
167.0,95.0,66,55
166.0,75.0,66,55
167.0,94.0,66,55
168.0,95.0,66,55
168.0,96.0,66,55
168.0,96.0,66,55
168.0,96.0,66,55
167.0,75.0,66,55
169.0,95.0,66,55
169.0,96.0,66,55
170.0,97.0,66,55
171.0,98.0,66,55
171.0,98.0,66,55
171.0,98.0,66,55
171.0,99.0,66,55
171.0,99.0,66,55
171.0,99.0,66,55
171.0,100.0,66,55
170.0,75.0,66,55
191.0,75.0,66,55
170.0,96.0,66,55
168.0,95.0,66,55
168.0,95.0,66,55
168.0,95.0,66,55
168.0,96.0,66,55
168.0,96.0,66,55
169.0,98.0,66,55
169.0,99.0,66,55
168.0,94.0,66,55
167.0,94.0,66,55
166.0,94.0,66,55
169.0,98.0,66,55
169.0,98.0,66,55
169.0,98.0,66,55
168.0,75.0,66,55
189.0,75.0,66,55
166.0,75.0,66,55
168.0,98.0,66,55
168.0,98.0,66,55
167.0,97.0,66,55
167.0,98.0,66,55
167.0,97.0,66,55
167.0,97.0,66,55
167.0,98.0,66,55
168.0,98.0,66,55
167.0,98.0,66,55
167.0,98.0,66,55
168.0,99.0,66,55
167.0,75.0,66,55
166.0,56.0,66,55
165.0,56.0,66,55
169.0,99.0,66,55
169.0,101.0,66,55
146.0,94.0,66,55
168.0,100.0,66,55
169.0,101.0,66,55
169.0,101.0,66,55
168.0,100.0,66,55
168.0,101.0,66,55
168.0,101.0,66,55
168.0,101.0,66,55
167.0,101.0,66,55
167.0,101.0,66,55
167.0,101.0,66,55
167.0,101.0,66,55
166.0,75.0,66,55
187.0,75.0,66,55
164.0,75.0,66,55
185.0,75.0,66,55
184.0,75.0,66,55
183.0,75.0,66,55
167.0,100.0,66,55
166.0,75.0,66,55
187.0,56.0,66,55
186.0,75.0,66,55
185.0,75.0,66,55
184.0,75.0,66,55
189.0,73.0,66,55
190.0,74.0,66,55
192.0,75.0,66,55
193.0,76.0,66,55
195.0,77.0,66,55
196.0,77.0,66,55
197.0,77.0,66,55
198.0,76.0,66,55
199.0,75.0,66,55
201.0,75.0,66,55
202.0,75.0,66,55
204.0,75.0,66,55
206.0,76.0,66,55
208.0,76.0,66,55
210.0,76.0,66,55
212.0,77.0,66,55
213.0,77.0,66,55
215.0,77.0,66,55
217.0,77.0,66,55
219.0,76.0,66,55
221.0,76.0,66,55
223.0,76.0,66,55
225.0,75.0,66,55
227.0,76.0,66,55
229.0,75.0,66,55
231.0,75.0,66,55
234.0,75.0,66,55
236.0,75.0,66,55
239.0,75.0,66,55
241.0,76.0,66,55
244.0,77.0,66,55
265.0,75.0,66,55
251.0,79.0,66,55
253.0,80.0,66,55
257.0,80.0,66,55
260.0,80.0,66,55
263.0,81.0,66,55
267.0,81.0,66,55
271.0,81.0,66,55
275.0,81.0,66,55
279.0,81.0,66,55
283.0,82.0,66,55
286.0,80.0,66,55
285.0,75.0,66,55
306.0,56.0,66,55
305.0,75.0,66,55
282.0,75.0,66,55
303.0,75.0,66,55
302.0,56.0,66,55
301.0,75.0,66,55
300.0,75.0,66,55
311.0,84.0,66,55
315.0,85.0,66,55
318.0,66.0,66,55
323.0,64.0,66,55
300.0,75.0,66,55
299.0,75.0,66,55
276.0,75.0,66,55
297.0,56.0,66,55
296.0,56.0,66,55
273.0,56.0,66,55
239.0,71.0,66,55
241.0,71.0,66,55
244.0,71.0,66,55
246.0,72.0,66,55
249.0,73.0,66,55
251.0,73.0,66,55
272.0,75.0,66,55
259.0,73.0,66,55
262.0,73.0,66,55
265.0,74.0,66,55
269.0,76.0,66,55
274.0,77.0,66,55
279.0,79.0,66,55
283.0,79.0,66,55
287.0,79.0,66,55
292.0,79.0,66,55
294.0,79.0,66,55
296.0,79.0,66,55
299.0,80.0,66,55
301.0,82.0,66,55
307.0,83.0,66,55
306.0,75.0,66,55
318.0,87.0,66,55
295.0,75.0,66,55
272.0,75.0,66,55
271.0,75.0,66,55
274.0,73.0,66,55
276.0,73.0,66,55
278.0,73.0,66,55
280.0,73.0,66,55
282.0,73.0,66,55
285.0,73.0,66,55
287.0,73.0,66,55
290.0,73.0,66,55
292.0,73.0,66,55
295.0,73.0,66,55
297.0,73.0,66,55
300.0,72.0,66,55
303.0,71.0,66,55
306.0,70.0,66,55
308.0,71.0,66,55
311.0,70.0,66,55
313.0,70.0,66,55
316.0,70.0,66,55
319.0,70.0,66,55
296.0,56.0,66,55
273.0,56.0,66,55
272.0,56.0,66,55
271.0,37.0,66,55
290.0,54.0,66,55
267.0,37.0,66,55
295.0,51.0,66,55
299.0,55.0,66,55
304.0,55.0,66,55
310.0,55.0,66,55
315.0,54.0,66,55
320.0,53.0,66,55
318.0,55.0,66,55
321.0,55.0,66,55
298.0,56.0,66,55
275.0,56.0,66,55
296.0,56.0,66,55
273.0,56.0,66,55
283.0,53.0,66,55
287.0,53.0,66,55
291.0,53.0,66,55
296.0,54.0,66,55
302.0,55.0,66,55
308.0,55.0,66,55
313.0,55.0,66,55
316.0,54.0,66,55
318.0,51.0,66,55
324.0,51.0,66,55
294.0,90.0,66,55
294.0,90.0,66,55
297.0,92.0,66,55
296.0,75.0,66,55
273.0,75.0,66,55
272.0,56.0,66,55
271.0,37.0,66,55
270.0,18.0,66,55
305.0,55.0,66,55
304.0,75.0,66,55
281.0,75.0,66,55
298.0,96.0,66,55
297.0,75.0,66,55
305.0,98.0,66,55
308.0,98.0,66,55
311.0,98.0,66,55
310.0,75.0,66,55
309.0,75.0,66,55
308.0,75.0,66,55
283.0,80.0,66,55
285.0,82.0,66,55
287.0,83.0,66,55
289.0,84.0,66,55
290.0,85.0,66,55
291.0,85.0,66,55
268.0,75.0,66,55
267.0,56.0,66,55
266.0,56.0,66,55
289.0,85.0,66,55
310.0,75.0,66,55
297.0,84.0,66,55
296.0,85.0,66,55
295.0,56.0,66,55
298.0,86.0,66,55
299.0,86.0,66,55
298.0,75.0,66,55
297.0,75.0,66,55
296.0,75.0,66,55
295.0,75.0,66,55
272.0,75.0,66,55
249.0,75.0,66,55
248.0,94.0,66,55
247.0,75.0,66,55
246.0,94.0,66,55
296.0,92.0,66,55
298.0,87.0,66,55
299.0,87.0,66,55
300.0,85.0,66,55
300.0,84.0,66,55
301.0,83.0,66,55
302.0,85.0,66,55
305.0,89.0,66,55
306.0,90.0,66,55
308.0,90.0,66,55
309.0,91.0,66,55
309.0,90.0,66,55
310.0,91.0,66,55
310.0,90.0,66,55
309.0,75.0,66,55
286.0,75.0,66,55
298.0,79.0,66,55
298.0,78.0,66,55
299.0,79.0,66,55
302.0,82.0,66,55
303.0,83.0,66,55
305.0,85.0,66,55
304.0,75.0,66,55
305.0,85.0,66,55
305.0,84.0,66,55
305.0,84.0,66,55
306.0,85.0,66,55
306.0,85.0,66,55
308.0,85.0,66,55
309.0,85.0,66,55
310.0,84.0,66,55
310.0,83.0,66,55
311.0,83.0,66,55
311.0,83.0,66,55
312.0,84.0,66,55
311.0,80.0,66,55
307.0,71.0,66,55
296.0,66.0,66,55
295.0,67.0,66,55
294.0,75.0,66,55
300.0,76.0,66,55
302.0,79.0,66,55
304.0,81.0,66,55
306.0,84.0,66,55
309.0,85.0,66,55
310.0,86.0,66,55
310.0,88.0,66,55
310.0,90.0,66,55
311.0,90.0,66,55
313.0,90.0,66,55
290.0,75.0,66,55
308.0,88.0,66,55
310.0,89.0,66,55
287.0,75.0,66,55
286.0,75.0,66,55
305.0,87.0,66,55
309.0,87.0,66,55
310.0,87.0,66,55
311.0,88.0,66,55
312.0,89.0,66,55
289.0,75.0,66,55
288.0,56.0,66,55
305.0,90.0,66,55
294.0,79.0,66,55
292.0,78.0,66,55
291.0,77.0,66,55
291.0,78.0,66,55
291.0,78.0,66,55
292.0,79.0,66,55
294.0,81.0,66,55
293.0,80.0,66,55
294.0,81.0,66,55
294.0,82.0,66,55
294.0,81.0,66,55
294.0,79.0,66,55
295.0,79.0,66,55
295.0,79.0,66,55
296.0,79.0,66,55
296.0,80.0,66,55
296.0,80.0,66,55
296.0,81.0,66,55
297.0,82.0,66,55
297.0,82.0,66,55
297.0,83.0,66,55
298.0,84.0,66,55
298.0,84.0,66,55
298.0,85.0,66,55
298.0,84.0,66,55
298.0,85.0,66,55
298.0,86.0,66,55
299.0,85.0,66,55
299.0,85.0,66,55
300.0,85.0,66,55
300.0,84.0,66,55
300.0,84.0,66,55
301.0,84.0,66,55
301.0,85.0,66,55
301.0,85.0,66,55
301.0,85.0,66,55
301.0,86.0,66,55
301.0,86.0,66,55
301.0,85.0,66,55
301.0,84.0,66,55
301.0,83.0,66,55
301.0,82.0,66,55
301.0,82.0,66,55
301.0,81.0,66,55
301.0,82.0,66,55
301.0,82.0,66,55
301.0,82.0,66,55
301.0,83.0,66,55
302.0,83.0,66,55
301.0,83.0,66,55
301.0,83.0,66,55
302.0,83.0,66,55
302.0,83.0,66,55
302.0,82.0,66,55
302.0,82.0,66,55
303.0,81.0,66,55
303.0,80.0,66,55
303.0,80.0,66,55
303.0,79.0,66,55
303.0,79.0,66,55
303.0,79.0,66,55
303.0,79.0,66,55
303.0,79.0,66,55
303.0,79.0,66,55
303.0,79.0,66,55
303.0,79.0,66,55
301.0,79.0,66,55
302.0,79.0,66,55
301.0,79.0,66,55
301.0,78.0,66,55
301.0,78.0,66,55
301.0,78.0,66,55
301.0,77.0,66,55
301.0,77.0,66,55
303.0,77.0,66,55
303.0,76.0,66,55
303.0,76.0,66,55
303.0,75.0,66,55
304.0,76.0,66,55
304.0,76.0,66,55
302.0,76.0,66,55
304.0,76.0,66,55
305.0,76.0,66,55
306.0,77.0,66,55
305.0,77.0,66,55
306.0,77.0,66,55
307.0,78.0,66,55
307.0,77.0,66,55
308.0,77.0,66,55
308.0,77.0,66,55
309.0,77.0,66,55
309.0,77.0,66,55
310.0,78.0,66,55
311.0,79.0,66,55
312.0,80.0,66,55
313.0,81.0,66,55
313.0,81.0,66,55
314.0,80.0,66,55
315.0,80.0,66,55
315.0,78.0,66,55
315.0,76.0,66,55
314.0,73.0,66,55
316.0,72.0,66,55
317.0,72.0,66,55
317.0,70.0,66,55
318.0,70.0,66,55
318.0,69.0,66,55
319.0,69.0,66,55
320.0,70.0,66,55
297.0,56.0,66,55
296.0,75.0,66,55
275.0,66.0,66,55
274.0,65.0,66,55
273.0,65.0,66,55
273.0,64.0,66,55
272.0,65.0,66,55
272.0,64.0,66,55
273.0,65.0,66,55
273.0,66.0,66,55
273.0,65.0,66,55
274.0,67.0,66,55
274.0,66.0,66,55
274.0,65.0,66,55
275.0,66.0,66,55
275.0,66.0,66,55
275.0,66.0,66,55
275.0,66.0,66,55
276.0,66.0,66,55
277.0,68.0,66,55
277.0,67.0,66,55
278.0,67.0,66,55
279.0,67.0,66,55
279.0,66.0,66,55
279.0,65.0,66,55
279.0,65.0,66,55
279.0,64.0,66,55
280.0,65.0,66,55
279.0,64.0,66,55
280.0,63.0,66,55
280.0,65.0,66,55
280.0,64.0,66,55
281.0,64.0,66,55
281.0,64.0,66,55
282.0,64.0,66,55
283.0,64.0,66,55
284.0,64.0,66,55
285.0,63.0,66,55
286.0,63.0,66,55