73,126,29,23
72.0,125.0,29,23
73.0,125.0,29,23
74.0,125.0,29,23
74.0,124.0,29,23
75.0,124.0,29,23
76.0,124.0,29,23
77.0,124.0,29,23
77.0,124.0,29,23
78.0,123.0,29,23
78.0,123.0,29,23
78.0,123.0,29,23
79.0,123.0,29,23
80.0,122.0,29,23
81.0,122.0,29,23
81.0,121.0,29,23
82.0,121.0,29,23
82.0,121.0,29,23
83.0,121.0,29,23
83.0,121.0,29,23
84.0,121.0,29,23
84.0,121.0,29,23
85.0,121.0,29,23
85.0,121.0,29,23
86.0,121.0,29,23
86.0,121.0,29,23
87.0,122.0,29,23
87.0,122.0,29,23
88.0,122.0,29,23
88.0,122.0,29,23
88.0,122.0,29,23
89.0,122.0,29,23
89.0,122.0,29,23
90.0,122.0,29,23
90.0,122.0,29,23
90.0,122.0,29,23
91.0,122.0,29,23
91.0,122.0,29,23
91.0,122.0,29,23
91.0,123.0,29,23
92.0,123.0,29,23
92.0,123.0,29,23
92.0,124.0,29,23
92.0,125.0,29,23
93.0,125.0,29,23
93.0,126.0,29,23
93.0,126.0,29,23
93.0,126.0,29,23
94.0,126.0,29,23
94.0,127.0,29,23
94.0,127.0,29,23
94.0,127.0,29,23
95.0,126.0,29,23
95.0,126.0,29,23
95.0,126.0,29,23
96.0,126.0,29,23
96.0,126.0,29,23
96.0,125.0,29,23
97.0,125.0,29,23
97.0,125.0,29,23
97.0,125.0,29,23
97.0,125.0,29,23
97.0,125.0,29,23
98.0,125.0,29,23
98.0,125.0,29,23
98.0,124.0,29,23
98.0,124.0,29,23
98.0,124.0,29,23
99.0,124.0,29,23
99.0,124.0,29,23
99.0,124.0,29,23
99.0,124.0,29,23
99.0,124.0,29,23
100.0,124.0,29,23
100.0,124.0,29,23
100.0,124.0,29,23
100.0,124.0,29,23
100.0,124.0,29,23
101.0,124.0,29,23
101.0,124.0,29,23
101.0,124.0,29,23
101.0,124.0,29,23
101.0,124.0,29,23
101.0,124.0,29,23
101.0,124.0,29,23
101.0,124.0,29,23
102.0,124.0,29,23
102.0,124.0,29,23
102.0,124.0,29,23
102.0,124.0,29,23
102.0,124.0,29,23
102.0,124.0,29,23
102.0,124.0,29,23
102.0,124.0,29,23
102.0,124.0,29,23
102.0,124.0,29,23
102.0,124.0,29,23
102.0,124.0,29,23
102.0,124.0,29,23
102.0,124.0,29,23
102.0,124.0,29,23
102.0,124.0,29,23
102.0,124.0,29,23
102.0,124.0,29,23
102.0,124.0,29,23
102.0,124.0,29,23
102.0,124.0,29,23
102.0,124.0,29,23
102.0,124.0,29,23
102.0,124.0,29,23
102.0,124.0,29,23
102.0,124.0,29,23
102.0,124.0,29,23
102.0,123.0,29,23
102.0,124.0,29,23
102.0,124.0,29,23
102.0,123.0,29,23
102.0,123.0,29,23
102.0,123.0,29,23
102.0,123.0,29,23
102.0,122.0,29,23
102.0,122.0,29,23
102.0,122.0,29,23
102.0,122.0,29,23
102.0,122.0,29,23
102.0,122.0,29,23
102.0,122.0,29,23
102.0,122.0,29,23
102.0,122.0,29,23
102.0,122.0,29,23
102.0,122.0,29,23
102.0,122.0,29,23
102.0,122.0,29,23
102.0,123.0,29,23
102.0,123.0,29,23
102.0,123.0,29,23
102.0,123.0,29,23
102.0,123.0,29,23
102.0,123.0,29,23
102.0,123.0,29,23
102.0,123.0,29,23
102.0,122.0,29,23
102.0,122.0,29,23
102.0,122.0,29,23
102.0,122.0,29,23
102.0,122.0,29,23
102.0,122.0,29,23
102.0,122.0,29,23
102.0,122.0,29,23
102.0,122.0,29,23
102.0,122.0,29,23
102.0,122.0,29,23
102.0,122.0,29,23
102.0,122.0,29,23
102.0,122.0,29,23
102.0,122.0,29,23
102.0,122.0,29,23
102.0,122.0,29,23
102.0,122.0,29,23
102.0,122.0,29,23
102.0,123.0,29,23
102.0,123.0,29,23
102.0,123.0,29,23
102.0,123.0,29,23
102.0,123.0,29,23
102.0,123.0,29,23
102.0,123.0,29,23
102.0,123.0,29,23
102.0,123.0,29,23
102.0,123.0,29,23
102.0,123.0,29,23
102.0,123.0,29,23
103.0,123.0,29,23
102.0,123.0,29,23
103.0,122.0,29,23
103.0,122.0,29,23
103.0,122.0,29,23
103.0,122.0,29,23
103.0,122.0,29,23
103.0,122.0,29,23
103.0,122.0,29,23
103.0,122.0,29,23
103.0,123.0,29,23
103.0,123.0,29,23
103.0,123.0,29,23
104.0,123.0,29,23
104.0,123.0,29,23
104.0,123.0,29,23
104.0,123.0,29,23
104.0,124.0,29,23
104.0,124.0,29,23
104.0,124.0,29,23
104.0,124.0,29,23
104.0,124.0,29,23
104.0,124.0,29,23
105.0,123.0,29,23
105.0,123.0,29,23
105.0,123.0,29,23
105.0,122.0,29,23
105.0,122.0,29,23
105.0,122.0,29,23
105.0,122.0,29,23
105.0,122.0,29,23
105.0,122.0,29,23
106.0,122.0,29,23
106.0,122.0,29,23
106.0,122.0,29,23
106.0,122.0,29,23
106.0,122.0,29,23
106.0,122.0,29,23
106.0,122.0,29,23
107.0,122.0,29,23
107.0,122.0,29,23
107.0,123.0,29,23
107.0,123.0,29,23
107.0,123.0,29,23
107.0,123.0,29,23
107.0,123.0,29,23
108.0,124.0,29,23
108.0,124.0,29,23
108.0,124.0,29,23
108.0,124.0,29,23
108.0,124.0,29,23
108.0,123.0,29,23
109.0,123.0,29,23
109.0,123.0,29,23
109.0,123.0,29,23
109.0,122.0,29,23
109.0,122.0,29,23
109.0,122.0,29,23
110.0,122.0,29,23
110.0,121.0,29,23
110.0,121.0,29,23
110.0,121.0,29,23
110.0,121.0,29,23
110.0,121.0,29,23
110.0,121.0,29,23
111.0,121.0,29,23
111.0,121.0,29,23
111.0,121.0,29,23
111.0,121.0,29,23
111.0,122.0,29,23
112.0,122.0,29,23
112.0,122.0,29,23
112.0,122.0,29,23
113.0,122.0,29,23
113.0,122.0,29,23
113.0,122.0,29,23
114.0,121.0,29,23
115.0,121.0,29,23
116.0,121.0,29,23
117.0,121.0,29,23
117.0,121.0,29,23
118.0,120.0,29,23
118.0,120.0,29,23
118.0,120.0,29,23
119.0,120.0,29,23
119.0,120.0,29,23
119.0,120.0,29,23
120.0,120.0,29,23
120.0,120.0,29,23
121.0,120.0,29,23
121.0,120.0,29,23
122.0,120.0,29,23
123.0,120.0,29,23
123.0,120.0,29,23
124.0,120.0,29,23
124.0,120.0,29,23
125.0,120.0,29,23
125.0,120.0,29,23
125.0,120.0,29,23
126.0,120.0,29,23
126.0,120.0,29,23
119.0,119.0,29,23
119.0,118.0,29,23
119.0,118.0,29,23
120.0,117.0,29,23
120.0,117.0,29,23
121.0,116.0,29,23
121.0,116.0,29,23
121.0,116.0,29,23
121.0,115.0,29,23
121.0,116.0,29,23
121.0,116.0,29,23
121.0,116.0,29,23
121.0,116.0,29,23
120.0,117.0,29,23
120.0,117.0,29,23
119.0,117.0,29,23
119.0,117.0,29,23
118.0,117.0,29,23
118.0,117.0,29,23
117.0,117.0,29,23
117.0,117.0,29,23
117.0,117.0,29,23
116.0,117.0,29,23
116.0,117.0,29,23
115.0,117.0,29,23
115.0,117.0,29,23
114.0,117.0,29,23
114.0,117.0,29,23
113.0,116.0,29,23
112.0,117.0,29,23
112.0,116.0,29,23
111.0,117.0,29,23
111.0,117.0,29,23
110.0,117.0,29,23
109.0,118.0,29,23
109.0,118.0,29,23
108.0,119.0,29,23
107.0,120.0,29,23
106.0,121.0,29,23
105.0,122.0,29,23
105.0,122.0,29,23
104.0,123.0,29,23
103.0,123.0,29,23
102.0,124.0,29,23
101.0,123.0,29,23
100.0,124.0,29,23
99.0,123.0,29,23
98.0,122.0,29,23
97.0,122.0,29,23
96.0,121.0,29,23
95.0,120.0,29,23
94.0,119.0,29,23
93.0,119.0,29,23
92.0,118.0,29,23
91.0,118.0,29,23
90.0,117.0,29,23
88.0,117.0,29,23
87.0,117.0,29,23
86.0,117.0,29,23
85.0,116.0,29,23
83.0,117.0,29,23
82.0,117.0,29,23
81.0,118.0,29,23
80.0,118.0,29,23
78.0,119.0,29,23
77.0,120.0,29,23
76.0,120.0,29,23
74.0,120.0,29,23
73.0,120.0,29,23
72.0,120.0,29,23
71.0,120.0,29,23
69.0,121.0,29,23
68.0,121.0,29,23
67.0,121.0,29,23
65.0,122.0,29,23
64.0,121.0,29,23
62.0,121.0,29,23
61.0,121.0,29,23
60.0,121.0,29,23
59.0,121.0,29,23
58.0,122.0,29,23
56.0,122.0,29,23
55.0,123.0,29,23
54.0,122.0,29,23
52.0,122.0,29,23
51.0,122.0,29,23
50.0,122.0,29,23
49.0,121.0,29,23
47.0,121.0,29,23
46.0,120.0,29,23
45.0,120.0,29,23
44.0,120.0,29,23
42.0,120.0,29,23
41.0,119.0,29,23
40.0,119.0,29,23
39.0,119.0,29,23
37.0,119.0,29,23
36.0,119.0,29,23
35.0,119.0,29,23
34.0,119.0,29,23
32.0,119.0,29,23
31.0,119.0,29,23
30.0,119.0,29,23
28.0,119.0,29,23
27.0,119.0,29,23
26.0,119.0,29,23
25.0,118.0,29,23
24.0,119.0,29,23
23.0,118.0,29,23
22.0,118.0,29,23
21.0,118.0,29,23
20.0,118.0,29,23
19.0,119.0,29,23
18.0,118.0,29,23
17.0,119.0,29,23
16.0,119.0,29,23
15.0,119.0,29,23
14.0,119.0,29,23
13.0,119.0,29,23
12.0,119.0,29,23