6,166,42,26
8.0,166.0,42,26
10.0,166.0,42,26
12.0,166.0,42,26
13.0,167.0,42,26
15.0,167.0,42,26
16.0,167.0,42,26
18.0,167.0,42,26
19.0,167.0,42,26
20.0,168.0,42,26
22.0,168.0,42,26
23.0,168.0,42,26
24.0,168.0,42,26
26.0,168.0,42,26
27.0,168.0,42,26
28.0,169.0,42,26
30.0,169.0,42,26
31.0,169.0,42,26
33.0,169.0,42,26
34.0,169.0,42,26
36.0,170.0,42,26
38.0,170.0,42,26
40.0,170.0,42,26
41.0,170.0,42,26
43.0,171.0,42,26
44.0,171.0,42,26
46.0,171.0,42,26
47.0,171.0,42,26
48.0,171.0,42,26
49.0,171.0,42,26
50.0,171.0,42,26
51.0,171.0,42,26
52.0,171.0,42,26
53.0,171.0,42,26
54.0,172.0,42,26
55.0,172.0,42,26
56.0,172.0,42,26
57.0,172.0,42,26
58.0,172.0,42,26
59.0,172.0,42,26
60.0,172.0,42,26
61.0,172.0,42,26
63.0,172.0,42,26
64.0,172.0,42,26
65.0,172.0,42,26
66.0,172.0,42,26
68.0,172.0,42,26
69.0,172.0,42,26
70.0,171.0,42,26
72.0,171.0,42,26
73.0,171.0,42,26
74.0,171.0,42,26
75.0,171.0,42,26
76.0,171.0,42,26
77.0,171.0,42,26
78.0,171.0,42,26
80.0,171.0,42,26
81.0,171.0,42,26
82.0,171.0,42,26
83.0,172.0,42,26
84.0,172.0,42,26
85.0,172.0,42,26
86.0,172.0,42,26
86.0,172.0,42,26
87.0,172.0,42,26
87.0,172.0,42,26
87.0,172.0,42,26
87.0,172.0,42,26
87.0,172.0,42,26
88.0,172.0,42,26
88.0,173.0,42,26
88.0,173.0,42,26
88.0,173.0,42,26
89.0,173.0,42,26
89.0,174.0,42,26
89.0,174.0,42,26
90.0,174.0,42,26
90.0,174.0,42,26
90.0,174.0,42,26
90.0,175.0,42,26
90.0,175.0,42,26
90.0,175.0,42,26
90.0,175.0,42,26
90.0,175.0,42,26
90.0,176.0,42,26
90.0,176.0,42,26
90.0,176.0,42,26
90.0,176.0,42,26
91.0,176.0,42,26
90.0,176.0,42,26
90.0,176.0,42,26
90.0,176.0,42,26
90.0,177.0,42,26
90.0,177.0,42,26
90.0,177.0,42,26
90.0,177.0,42,26
91.0,177.0,42,26
91.0,177.0,42,26
91.0,177.0,42,26
91.0,177.0,42,26
91.0,177.0,42,26
92.0,177.0,42,26
92.0,177.0,42,26
92.0,177.0,42,26
93.0,177.0,42,26
93.0,178.0,42,26
93.0,178.0,42,26
94.0,177.0,42,26
94.0,177.0,42,26
95.0,177.0,42,26
96.0,177.0,42,26
96.0,177.0,42,26
97.0,177.0,42,26
98.0,177.0,42,26
98.0,177.0,42,26
99.0,177.0,42,26
99.0,177.0,42,26
100.0,177.0,42,26
100.0,177.0,42,26
101.0,177.0,42,26
101.0,177.0,42,26
102.0,176.0,42,26
103.0,176.0,42,26
104.0,176.0,42,26
105.0,176.0,42,26
106.0,176.0,42,26
107.0,176.0,42,26
108.0,176.0,42,26
110.0,176.0,42,26
111.0,176.0,42,26
112.0,176.0,42,26
113.0,176.0,42,26
115.0,176.0,42,26
116.0,176.0,42,26
117.0,176.0,42,26
118.0,176.0,42,26
120.0,176.0,42,26
121.0,176.0,42,26
122.0,176.0,42,26
123.0,176.0,42,26
125.0,176.0,42,26
126.0,176.0,42,26
128.0,176.0,42,26
130.0,176.0,42,26
132.0,176.0,42,26
133.0,176.0,42,26
135.0,176.0,42,26
137.0,176.0,42,26
139.0,176.0,42,26
141.0,175.0,42,26
143.0,175.0,42,26
145.0,175.0,42,26
147.0,175.0,42,26
148.0,175.0,42,26
150.0,175.0,42,26
152.0,175.0,42,26
154.0,174.0,42,26
154.0,174.0,42,26
157.0,174.0,42,26
161.0,175.0,42,26
163.0,175.0,42,26
165.0,175.0,42,26
154.0,166.0,42,26
145.0,161.0,42,26
154.0,168.0,42,26
145.0,163.0,42,26
171.0,175.0,42,26
172.0,175.0,42,26
173.0,174.0,42,26
177.0,175.0,42,26
181.0,176.0,42,26
180.0,174.0,42,26
183.0,174.0,42,26
185.0,174.0,42,26
186.0,174.0,42,26
187.0,173.0,42,26
188.0,173.0,42,26
189.0,173.0,42,26
190.0,173.0,42,26
192.0,173.0,42,26
193.0,173.0,42,26
194.0,173.0,42,26
196.0,173.0,42,26
198.0,173.0,42,26
200.0,173.0,42,26
202.0,173.0,42,26
206.0,173.0,42,26
211.0,173.0,42,26
217.0,172.0,42,26
223.0,172.0,42,26
228.0,172.0,42,26
235.0,171.0,42,26
241.0,171.0,42,26
246.0,170.0,42,26
249.0,170.0,42,26
251.0,169.0,42,26
254.0,169.0,42,26
255.0,168.0,42,26
255.0,168.0,42,26
255.0,167.0,42,26
255.0,166.0,42,26
254.0,165.0,42,26
252.0,164.0,42,26
248.0,163.0,42,26
244.0,162.0,42,26
241.0,161.0,42,26
238.0,160.0,42,26
237.0,160.0,42,26
237.0,159.0,42,26
240.0,159.0,42,26
244.0,158.0,42,26
250.0,157.0,42,26
257.0,156.0,42,26
264.0,155.0,42,26
274.0,154.0,42,26
283.0,154.0,42,26
292.0,154.0,42,26
300.0,155.0,42,26
307.0,155.0,42,26
315.0,155.0,42,26
323.0,154.0,42,26
331.0,154.0,42,26
339.0,153.0,42,26
347.0,152.0,42,26
354.0,151.0,42,26
361.0,150.0,42,26
368.0,148.0,42,26
374.0,147.0,42,26
381.0,145.0,42,26
387.0,144.0,42,26
392.0,144.0,42,26
396.0,143.0,42,26
400.0,142.0,42,26
404.0,142.0,42,26
408.0,142.0,42,26
413.0,142.0,42,26
417.0,142.0,42,26
421.0,142.0,42,26
425.0,141.0,42,26
428.0,140.0,42,26
432.0,140.0,42,26
436.0,139.0,42,26
440.0,139.0,42,26
445.0,138.0,42,26
453.0,138.0,42,26
462.0,138.0,42,26
473.0,138.0,42,26
486.0,137.0,42,26
503.0,137.0,42,26
521.0,137.0,42,26
541.0,137.0,42,26
561.0,136.0,42,26