123,87,132,176
122.0,86.0,132,176
124.0,86.0,132,176
124.0,86.0,132,176
124.0,86.0,132,176
126.0,86.0,132,176
126.0,86.0,132,176
128.0,86.0,132,176
130.0,86.0,132,176
130.0,86.0,132,176
132.0,86.0,132,176
132.0,86.0,132,176
134.0,86.0,132,176
136.0,84.0,132,176
136.0,84.0,132,176
138.0,84.0,132,176
140.0,84.0,132,176
140.0,84.0,132,176
142.0,84.0,132,176
142.0,84.0,132,176
142.0,82.0,132,176
142.0,82.0,132,176
142.0,82.0,132,176
140.0,82.0,132,176
138.0,82.0,132,176
136.0,82.0,132,176
134.0,82.0,132,176
132.0,80.0,132,176
130.0,80.0,132,176
130.0,80.0,132,176
130.0,80.0,132,176
130.0,80.0,132,176
130.0,80.0,132,176
130.0,82.0,132,176
132.0,82.0,132,176
134.0,82.0,132,176
134.0,82.0,132,176
136.0,82.0,132,176
136.0,82.0,132,176
136.0,82.0,132,176
138.0,82.0,132,176
138.0,82.0,132,176
138.0,82.0,132,176
140.0,82.0,132,176
140.0,82.0,132,176
142.0,82.0,132,176
142.0,82.0,132,176
142.0,82.0,132,176
144.0,82.0,132,176
144.0,82.0,132,176
146.0,82.0,132,176
146.0,82.0,132,176
148.0,80.0,132,176
148.0,80.0,132,176
150.0,80.0,132,176
150.0,80.0,132,176
150.0,80.0,132,176
150.0,80.0,132,176
150.0,80.0,132,176
150.0,80.0,132,176
150.0,80.0,132,176
150.0,80.0,132,176
148.0,78.0,132,176
148.0,78.0,132,176
148.0,80.0,132,176
146.0,80.0,132,176
146.0,80.0,132,176
144.0,80.0,132,176
144.0,78.0,132,176
144.0,78.0,132,176
144.0,78.0,132,176
144.0,78.0,132,176
144.0,78.0,132,176
146.0,78.0,132,176
146.0,78.0,132,176
146.0,78.0,132,176
146.0,78.0,132,176
146.0,78.0,132,176
148.0,78.0,132,176
148.0,78.0,132,176
150.0,78.0,132,176
150.0,78.0,132,176
150.0,78.0,132,176
152.0,80.0,132,176
152.0,80.0,132,176
154.0,80.0,132,176
154.0,82.0,132,176
154.0,82.0,132,176
154.0,82.0,132,176
156.0,82.0,132,176
156.0,82.0,132,176
156.0,82.0,132,176
156.0,84.0,132,176
158.0,84.0,132,176
158.0,84.0,132,176
158.0,84.0,132,176
158.0,84.0,132,176
158.0,84.0,132,176
158.0,84.0,132,176
158.0,84.0,132,176
158.0,84.0,132,176
156.0,84.0,132,176
156.0,84.0,132,176
156.0,82.0,132,176
156.0,82.0,132,176
156.0,82.0,132,176
156.0,82.0,132,176
156.0,82.0,132,176
156.0,82.0,132,176
158.0,82.0,132,176
158.0,82.0,132,176
158.0,82.0,132,176
160.0,80.0,132,176
160.0,80.0,132,176
162.0,80.0,132,176
164.0,80.0,132,176
166.0,80.0,132,176
168.0,80.0,132,176
170.0,78.0,132,176
174.0,78.0,132,176
176.0,76.0,132,176
180.0,76.0,132,176
186.0,74.0,132,176
188.0,74.0,132,176
192.0,72.0,132,176
198.0,72.0,132,176
202.0,70.0,132,176
206.0,70.0,132,176
210.0,68.0,132,176
214.0,66.0,132,176
218.0,66.0,132,176
222.0,64.0,132,176
226.0,64.0,132,176
230.0,64.0,132,176
236.0,64.0,132,176
240.0,64.0,132,176
244.0,64.0,132,176
248.0,64.0,132,176
252.0,66.0,132,176
256.0,66.0,132,176
260.0,66.0,132,176
264.0,66.0,132,176
268.0,68.0,132,176
272.0,68.0,132,176
276.0,68.0,132,176
282.0,70.0,132,176
288.0,70.0,132,176
292.0,72.0,132,176
298.0,74.0,132,176
304.0,74.0,132,176
308.0,74.0,132,176
314.0,74.0,132,176
322.0,74.0,132,176
328.0,74.0,132,176
336.0,74.0,132,176
342.0,74.0,132,176
348.0,74.0,132,176
356.0,72.0,132,176
362.0,72.0,132,176
368.0,72.0,132,176
374.0,70.0,132,176
380.0,70.0,132,176
386.0,70.0,132,176
390.0,70.0,132,176
394.0,70.0,132,176
398.0,68.0,132,176
402.0,68.0,132,176
404.0,68.0,132,176
408.0,70.0,132,176
410.0,70.0,132,176
412.0,70.0,132,176
414.0,72.0,132,176
416.0,74.0,132,176
418.0,76.0,132,176
418.0,78.0,132,176
420.0,78.0,132,176
420.0,80.0,132,176
420.0,80.0,132,176
420.0,80.0,132,176
418.0,82.0,132,176
418.0,82.0,132,176
416.0,82.0,132,176
414.0,82.0,132,176
410.0,82.0,132,176
408.0,82.0,132,176
406.0,82.0,132,176
404.0,82.0,132,176
404.0,82.0,132,176
402.0,82.0,132,176
400.0,82.0,132,176
400.0,82.0,132,176
398.0,82.0,132,176
396.0,82.0,132,176
394.0,82.0,132,176
392.0,82.0,132,176
392.0,82.0,132,176
392.0,84.0,132,176
392.0,84.0,132,176
392.0,86.0,132,176
390.0,86.0,132,176
390.0,88.0,132,176
388.0,90.0,132,176
386.0,92.0,132,176
384.0,96.0,132,176
380.0,100.0,132,176
376.0,106.0,132,176
370.0,108.0,132,176
366.0,112.0,132,176
364.0,114.0,132,176
360.0,116.0,132,176
358.0,118.0,132,176
358.0,118.0,132,176
358.0,122.0,132,176
356.0,124.0,132,176
354.0,126.0,132,176
354.0,128.0,132,176
352.0,130.0,132,176
352.0,132.0,132,176
352.0,134.0,132,176
352.0,136.0,132,176
350.0,138.0,132,176
350.0,140.0,132,176
350.0,142.0,132,176
350.0,144.0,132,176
350.0,146.0,132,176
350.0,148.0,132,176
350.0,150.0,132,176
350.0,152.0,132,176
352.0,154.0,132,176
352.0,156.0,132,176
352.0,158.0,132,176
352.0,160.0,132,176
352.0,160.0,132,176
352.0,162.0,132,176
352.0,162.0,132,176
352.0,162.0,132,176
352.0,162.0,132,176
352.0,162.0,132,176
352.0,162.0,132,176
350.0,164.0,132,176
350.0,164.0,132,176
350.0,164.0,132,176
348.0,164.0,132,176
348.0,164.0,132,176
346.0,164.0,132,176
344.0,162.0,132,176
344.0,162.0,132,176
344.0,160.0,132,176
342.0,158.0,132,176
342.0,156.0,132,176
342.0,156.0,132,176
340.0,154.0,132,176
340.0,154.0,132,176
340.0,152.0,132,176
338.0,150.0,132,176
336.0,150.0,132,176
334.0,150.0,132,176
332.0,148.0,132,176
330.0,148.0,132,176
328.0,148.0,132,176
326.0,148.0,132,176
322.0,150.0,132,176
318.0,150.0,132,176
316.0,152.0,132,176
312.0,152.0,132,176
308.0,154.0,132,176
306.0,156.0,132,176
302.0,156.0,132,176
300.0,158.0,132,176
296.0,160.0,132,176
292.0,160.0,132,176
290.0,160.0,132,176
286.0,160.0,132,176
282.0,160.0,132,176
278.0,158.0,132,176
274.0,158.0,132,176
268.0,156.0,132,176
264.0,154.0,132,176
258.0,152.0,132,176
252.0,152.0,132,176
248.0,150.0,132,176
244.0,148.0,132,176
240.0,146.0,132,176
236.0,142.0,132,176
232.0,140.0,132,176
228.0,138.0,132,176
226.0,134.0,132,176
222.0,132.0,132,176
218.0,128.0,132,176
216.0,126.0,132,176
212.0,122.0,132,176
210.0,120.0,132,176
208.0,118.0,132,176
206.0,116.0,132,176
206.0,114.0,132,176
204.0,112.0,132,176
202.0,112.0,132,176
200.0,110.0,132,176
198.0,110.0,132,176
198.0,110.0,132,176
196.0,110.0,132,176
194.0,110.0,132,176
192.0,110.0,132,176
190.0,108.0,132,176
188.0,108.0,132,176
186.0,108.0,132,176
184.0,108.0,132,176
182.0,106.0,132,176
180.0,106.0,132,176
178.0,104.0,132,176
176.0,104.0,132,176
174.0,102.0,132,176
172.0,100.0,132,176
172.0,100.0,132,176
170.0,98.0,132,176
168.0,98.0,132,176
168.0,96.0,132,176
166.0,96.0,132,176
166.0,94.0,132,176
164.0,94.0,132,176
162.0,92.0,132,176
160.0,92.0,132,176
160.0,90.0,132,176
160.0,90.0,132,176
160.0,90.0,132,176
158.0,88.0,132,176
158.0,88.0,132,176
158.0,86.0,132,176
158.0,84.0,132,176
156.0,82.0,132,176
156.0,82.0,132,176
156.0,80.0,132,176
154.0,80.0,132,176
154.0,80.0,132,176
154.0,82.0,132,176
154.0,82.0,132,176
152.0,84.0,132,176
152.0,86.0,132,176
152.0,86.0,132,176
152.0,88.0,132,176
152.0,88.0,132,176
152.0,90.0,132,176
152.0,90.0,132,176
154.0,90.0,132,176
154.0,90.0,132,176
156.0,92.0,132,176
158.0,92.0,132,176
160.0,92.0,132,176
162.0,94.0,132,176
164.0,94.0,132,176
168.0,96.0,132,176
170.0,96.0,132,176
172.0,96.0,132,176
174.0,96.0,132,176
176.0,98.0,132,176
176.0,98.0,132,176
178.0,100.0,132,176
178.0,100.0,132,176
180.0,100.0,132,176
180.0,100.0,132,176
178.0,102.0,132,176
178.0,102.0,132,176
178.0,100.0,132,176
178.0,100.0,132,176
178.0,100.0,132,176
178.0,98.0,132,176
178.0,98.0,132,176
178.0,98.0,132,176
176.0,96.0,132,176
176.0,96.0,132,176
174.0,94.0,132,176
174.0,94.0,132,176
174.0,92.0,132,176
174.0,92.0,132,176
174.0,90.0,132,176
176.0,90.0,132,176
176.0,88.0,132,176
178.0,88.0,132,176
180.0,88.0,132,176
180.0,88.0,132,176
182.0,88.0,132,176
184.0,88.0,132,176
186.0,90.0,132,176
188.0,92.0,132,176
188.0,94.0,132,176
190.0,94.0,132,176
190.0,96.0,132,176
190.0,96.0,132,176
190.0,96.0,132,176
190.0,98.0,132,176
190.0,98.0,132,176
192.0,98.0,132,176
192.0,98.0,132,176
192.0,98.0,132,176
192.0,100.0,132,176
192.0,100.0,132,176
192.0,100.0,132,176
192.0,100.0,132,176
192.0,100.0,132,176
192.0,100.0,132,176
192.0,100.0,132,176
192.0,102.0,132,176
192.0,102.0,132,176
190.0,102.0,132,176
190.0,102.0,132,176
190.0,102.0,132,176
190.0,102.0,132,176
190.0,102.0,132,176
190.0,102.0,132,176
190.0,100.0,132,176
192.0,100.0,132,176
192.0,100.0,132,176
192.0,100.0,132,176
192.0,100.0,132,176
192.0,100.0,132,176
192.0,100.0,132,176
192.0,98.0,132,176
192.0,98.0,132,176
192.0,98.0,132,176
192.0,98.0,132,176
192.0,98.0,132,176
192.0,98.0,132,176
192.0,98.0,132,176
192.0,98.0,132,176
192.0,98.0,132,176
192.0,98.0,132,176
192.0,98.0,132,176
192.0,98.0,132,176
192.0,98.0,132,176
192.0,100.0,132,176
192.0,100.0,132,176
192.0,100.0,132,176
192.0,100.0,132,176
192.0,100.0,132,176
192.0,100.0,132,176
192.0,100.0,132,176
192.0,100.0,132,176
192.0,102.0,132,176
192.0,102.0,132,176
192.0,102.0,132,176
192.0,102.0,132,176
192.0,102.0,132,176
192.0,102.0,132,176
192.0,102.0,132,176
192.0,102.0,132,176
192.0,104.0,132,176
192.0,104.0,132,176
192.0,104.0,132,176
192.0,104.0,132,176
192.0,104.0,132,176
192.0,104.0,132,176
192.0,104.0,132,176
192.0,104.0,132,176
192.0,104.0,132,176
192.0,104.0,132,176
192.0,104.0,132,176
192.0,106.0,132,176
192.0,106.0,132,176
192.0,106.0,132,176
192.0,106.0,132,176
192.0,106.0,132,176
192.0,106.0,132,176
192.0,106.0,132,176
194.0,106.0,132,176
194.0,106.0,132,176
194.0,106.0,132,176
194.0,106.0,132,176
194.0,106.0,132,176
194.0,106.0,132,176
194.0,106.0,132,176
194.0,106.0,132,176
194.0,106.0,132,176
196.0,106.0,132,176
196.0,108.0,132,176
198.0,108.0,132,176
198.0,108.0,132,176
200.0,108.0,132,176
200.0,108.0,132,176
200.0,108.0,132,176
200.0,108.0,132,176
202.0,108.0,132,176
202.0,108.0,132,176
202.0,108.0,132,176
204.0,108.0,132,176
204.0,108.0,132,176
206.0,108.0,132,176
208.0,108.0,132,176
210.0,108.0,132,176
212.0,110.0,132,176
214.0,110.0,132,176
218.0,110.0,132,176
220.0,110.0,132,176
222.0,110.0,132,176
224.0,110.0,132,176
228.0,110.0,132,176
230.0,110.0,132,176
232.0,110.0,132,176
234.0,110.0,132,176
236.0,110.0,132,176
238.0,110.0,132,176
238.0,112.0,132,176
240.0,112.0,132,176
240.0,112.0,132,176
242.0,112.0,132,176
244.0,112.0,132,176
246.0,112.0,132,176
248.0,112.0,132,176
250.0,112.0,132,176
252.0,112.0,132,176
252.0,112.0,132,176
254.0,110.0,132,176
256.0,110.0,132,176
258.0,108.0,132,176
260.0,108.0,132,176
262.0,106.0,132,176
264.0,106.0,132,176
266.0,104.0,132,176
266.0,104.0,132,176
268.0,104.0,132,176
270.0,104.0,132,176
272.0,102.0,132,176
274.0,102.0,132,176
276.0,102.0,132,176
278.0,100.0,132,176
280.0,100.0,132,176
282.0,98.0,132,176
286.0,98.0,132,176
288.0,96.0,132,176
290.0,94.0,132,176
292.0,94.0,132,176
296.0,92.0,132,176
298.0,92.0,132,176
300.0,90.0,132,176
302.0,90.0,132,176
304.0,90.0,132,176
306.0,88.0,132,176
308.0,88.0,132,176
310.0,88.0,132,176
310.0,88.0,132,176
312.0,86.0,132,176
312.0,86.0,132,176
312.0,86.0,132,176
312.0,88.0,132,176
312.0,88.0,132,176
310.0,88.0,132,176
308.0,90.0,132,176
306.0,92.0,132,176
304.0,94.0,132,176
302.0,98.0,132,176
298.0,102.0,132,176
294.0,104.0,132,176
288.0,104.0,132,176
284.0,104.0,132,176
280.0,106.0,132,176
276.0,108.0,132,176
272.0,110.0,132,176
268.0,114.0,132,176
264.0,116.0,132,176
262.0,118.0,132,176
262.0,122.0,132,176
260.0,124.0,132,176
258.0,126.0,132,176
254.0,126.0,132,176
250.0,124.0,132,176
248.0,122.0,132,176
244.0,116.0,132,176
242.0,108.0,132,176
238.0,98.0,132,176
236.0,86.0,132,176
234.0,72.0,132,176
232.0,58.0,132,176
230.0,44.0,132,176
228.0,30.0,132,176
226.0,18.0,132,176
224.0,10.0,132,176
222.0,4.0,132,176
220.0,0,132,176
220.0,0,132,176
216.0,0,132,176
214.0,0,132,176
212.0,0,132,176
210.0,0.0,132,176
210.0,4.0,132,176
208.0,8.0,132,176
206.0,12.0,132,176
204.0,16.0,132,176
202.0,20.0,132,176
200.0,22.0,132,176
198.0,24.0,132,176
198.0,26.0,132,176
196.0,26.0,132,176
194.0,28.0,132,176
192.0,28.0,132,176
192.0,30.0,132,176
190.0,30.0,132,176
188.0,30.0,132,176
186.0,32.0,132,176
182.0,32.0,132,176
180.0,32.0,132,176
176.0,34.0,132,176
174.0,36.0,132,176
170.0,38.0,132,176
168.0,40.0,132,176
164.0,44.0,132,176
162.0,46.0,132,176
160.0,48.0,132,176
160.0,50.0,132,176
158.0,50.0,132,176
158.0,52.0,132,176
156.0,52.0,132,176
156.0,54.0,132,176
154.0,58.0,132,176
154.0,62.0,132,176
152.0,66.0,132,176
150.0,68.0,132,176
148.0,72.0,132,176
146.0,76.0,132,176
146.0,80.0,132,176
144.0,84.0,132,176
142.0,86.0,132,176
142.0,88.0,132,176
140.0,90.0,132,176
140.0,92.0,132,176
142.0,94.0,132,176
144.0,94.0,132,176
146.0,96.0,132,176
150.0,96.0,132,176
154.0,98.0,132,176
156.0,100.0,132,176
158.0,102.0,132,176
162.0,104.0,132,176
166.0,106.0,132,176
168.0,108.0,132,176
168.0,108.0,132,176
168.0,104.0,132,176
168.0,102.0,132,176
168.0,102.0,132,176
168.0,98.0,132,176
166.0,94.0,132,176
166.0,90.0,132,176
164.0,86.0,132,176
162.0,82.0,132,176
158.0,80.0,132,176
156.0,80.0,132,176
154.0,80.0,132,176
152.0,80.0,132,176
150.0,80.0,132,176
148.0,82.0,132,176
148.0,82.0,132,176
146.0,84.0,132,176
148.0,84.0,132,176
148.0,86.0,132,176
152.0,86.0,132,176
156.0,88.0,132,176
160.0,88.0,132,176
166.0,88.0,132,176
170.0,88.0,132,176
174.0,86.0,132,176
176.0,86.0,132,176
178.0,86.0,132,176
180.0,86.0,132,176
180.0,84.0,132,176
182.0,84.0,132,176
182.0,82.0,132,176
182.0,80.0,132,176
180.0,78.0,132,176
176.0,76.0,132,176
174.0,76.0,132,176
174.0,76.0,132,176
174.0,76.0,132,176
172.0,78.0,132,176
170.0,78.0,132,176
170.0,78.0,132,176
170.0,80.0,132,176
170.0,80.0,132,176
172.0,78.0,132,176
174.0,78.0,132,176
180.0,76.0,132,176
184.0,74.0,132,176
190.0,74.0,132,176
196.0,72.0,132,176
202.0,70.0,132,176
206.0,70.0,132,176
210.0,70.0,132,176
214.0,70.0,132,176
216.0,72.0,132,176
216.0,74.0,132,176
216.0,74.0,132,176
214.0,72.0,132,176
210.0,70.0,132,176
206.0,66.0,132,176
200.0,64.0,132,176
194.0,62.0,132,176
188.0,62.0,132,176
184.0,62.0,132,176
180.0,64.0,132,176
178.0,68.0,132,176
176.0,70.0,132,176
176.0,74.0,132,176
176.0,76.0,132,176
176.0,78.0,132,176
176.0,80.0,132,176
178.0,80.0,132,176
178.0,80.0,132,176
178.0,82.0,132,176
182.0,84.0,132,176
188.0,86.0,132,176
196.0,90.0,132,176
206.0,92.0,132,176
216.0,92.0,132,176
226.0,94.0,132,176
234.0,94.0,132,176
244.0,94.0,132,176
252.0,92.0,132,176
260.0,90.0,132,176
264.0,88.0,132,176
266.0,84.0,132,176
270.0,80.0,132,176
272.0,76.0,132,176
274.0,74.0,132,176
274.0,72.0,132,176
274.0,72.0,132,176
274.0,74.0,132,176
274.0,78.0,132,176
272.0,82.0,132,176
272.0,88.0,132,176
270.0,92.0,132,176
266.0,98.0,132,176
262.0,100.0,132,176
258.0,104.0,132,176
258.0,106.0,132,176
260.0,108.0,132,176
260.0,112.0,132,176
260.0,114.0,132,176
262.0,114.0,132,176
264.0,116.0,132,176
268.0,116.0,132,176
276.0,116.0,132,176
284.0,118.0,132,176
294.0,118.0,132,176
306.0,120.0,132,176
316.0,122.0,132,176
328.0,124.0,132,176
340.0,126.0,132,176
350.0,128.0,132,176
360.0,130.0,132,176
370.0,132.0,132,176
378.0,134.0,132,176
386.0,136.0,132,176
392.0,138.0,132,176
398.0,140.0,132,176
404.0,144.0,132,176
408.0,146.0,132,176
412.0,148.0,132,176
416.0,152.0,132,176
420.0,152.0,132,176
422.0,154.0,132,176
426.0,156.0,132,176
428.0,158.0,132,176
430.0,160.0,132,176
432.0,162.0,132,176
434.0,164.0,132,176
436.0,166.0,132,176
436.0,168.0,132,176
436.0,168.0,132,176
436.0,170.0,132,176
436.0,170.0,132,176
434.0,170.0,132,176
432.0,168.0,132,176
430.0,168.0,132,176
428.0,168.0,132,176
426.0,168.0,132,176
424.0,168.0,132,176
422.0,168.0,132,176
420.0,168.0,132,176
418.0,168.0,132,176
416.0,168.0,132,176
414.0,168.0,132,176
414.0,168.0,132,176
412.0,168.0,132,176
412.0,168.0,132,176
412.0,168.0,132,176
412.0,168.0,132,176
412.0,168.0,132,176
412.0,168.0,132,176
412.0,168.0,132,176
412.0,168.0,132,176
412.0,168.0,132,176
412.0,170.0,132,176
412.0,170.0,132,176
412.0,170.0,132,176
412.0,170.0,132,176
412.0,170.0,132,176
412.0,170.0,132,176
412.0,170.0,132,176
410.0,170.0,132,176
410.0,170.0,132,176
410.0,170.0,132,176
410.0,170.0,132,176
410.0,170.0,132,176
408.0,170.0,132,176
408.0,170.0,132,176
408.0,170.0,132,176
408.0,168.0,132,176
408.0,168.0,132,176
408.0,168.0,132,176
408.0,166.0,132,176
408.0,166.0,132,176
408.0,166.0,132,176
408.0,166.0,132,176
408.0,166.0,132,176
408.0,166.0,132,176
408.0,166.0,132,176
408.0,166.0,132,176
408.0,166.0,132,176
408.0,166.0,132,176
408.0,166.0,132,176
408.0,166.0,132,176
406.0,166.0,132,176
406.0,166.0,132,176
406.0,166.0,132,176
406.0,166.0,132,176
406.0,168.0,132,176
406.0,168.0,132,176
406.0,168.0,132,176
404.0,168.0,132,176
404.0,168.0,132,176
402.0,168.0,132,176
402.0,168.0,132,176
400.0,166.0,132,176
396.0,166.0,132,176
392.0,164.0,132,176
386.0,162.0,132,176
382.0,162.0,132,176
376.0,160.0,132,176
370.0,160.0,132,176
364.0,160.0,132,176
358.0,160.0,132,176
352.0,162.0,132,176
346.0,162.0,132,176
342.0,162.0,132,176
338.0,164.0,132,176
332.0,162.0,132,176
330.0,162.0,132,176
326.0,160.0,132,176
322.0,160.0,132,176
320.0,158.0,132,176
318.0,158.0,132,176
316.0,158.0,132,176
314.0,156.0,132,176
312.0,156.0,132,176
310.0,154.0,132,176
308.0,154.0,132,176
306.0,150.0,132,176
304.0,148.0,132,176
300.0,144.0,132,176
298.0,142.0,132,176
294.0,140.0,132,176
292.0,138.0,132,176
288.0,136.0,132,176
284.0,136.0,132,176
280.0,134.0,132,176
276.0,132.0,132,176
272.0,130.0,132,176
268.0,128.0,132,176
262.0,126.0,132,176
258.0,126.0,132,176
254.0,124.0,132,176
250.0,124.0,132,176
246.0,124.0,132,176
242.0,126.0,132,176
238.0,126.0,132,176
234.0,128.0,132,176
230.0,128.0,132,176
226.0,128.0,132,176
220.0,128.0,132,176
216.0,128.0,132,176
210.0,128.0,132,176
204.0,128.0,132,176
200.0,126.0,132,176
194.0,126.0,132,176
188.0,124.0,132,176
184.0,122.0,132,176
180.0,120.0,132,176
176.0,118.0,132,176
174.0,116.0,132,176
172.0,114.0,132,176
172.0,112.0,132,176
178.0,108.0,132,176
188.0,106.0,132,176
198.0,106.0,132,176
206.0,106.0,132,176
214.0,106.0,132,176
226.0,106.0,132,176
242.0,102.0,132,176
254.0,98.0,132,176
262.0,94.0,132,176
268.0,90.0,132,176
268.0,88.0,132,176
268.0,86.0,132,176
266.0,84.0,132,176
264.0,82.0,132,176
264.0,82.0,132,176
260.0,80.0,132,176
256.0,80.0,132,176
252.0,80.0,132,176
246.0,80.0,132,176
240.0,80.0,132,176
236.0,80.0,132,176
234.0,82.0,132,176
234.0,84.0,132,176
236.0,86.0,132,176
238.0,88.0,132,176
240.0,90.0,132,176
244.0,92.0,132,176
248.0,94.0,132,176
252.0,96.0,132,176
254.0,98.0,132,176
254.0,102.0,132,176
256.0,102.0,132,176
256.0,102.0,132,176
256.0,98.0,132,176
254.0,96.0,132,176
252.0,94.0,132,176
254.0,94.0,132,176
254.0,94.0,132,176
254.0,94.0,132,176
254.0,94.0,132,176
252.0,94.0,132,176
252.0,92.0,132,176
252.0,92.0,132,176
254.0,92.0,132,176
254.0,92.0,132,176
256.0,94.0,132,176
258.0,98.0,132,176
264.0,100.0,132,176
268.0,106.0,132,176
276.0,110.0,132,176
284.0,116.0,132,176
294.0,122.0,132,176
306.0,128.0,132,176
318.0,136.0,132,176
334.0,144.0,132,176
348.0,152.0,132,176
362.0,158.0,132,176
376.0,162.0,132,176
388.0,168.0,132,176
400.0,172.0,132,176
408.0,174.0,132,176
414.0,178.0,132,176
420.0,180.0,132,176
422.0,184.0,132,176
426.0,188.0,132,176
430.0,192.0,132,176
432.0,196.0,132,176
434.0,200.0,132,176
436.0,204.0,132,176
438.0,208.0,132,176
440.0,214.0,132,176
440.0,220.0,132,176
438.0,226.0,132,176
436.0,232.0,132,176
432.0,236.0,132,176
428.0,242.0,132,176
424.0,248.0,132,176
416.0,256.0,132,176
408.0,264.0,132,176
400.0,274.0,132,176
394.0,284.0,132,176
390.0,290.0,132,176
384.0,298.0,132,176
376.0,306.0,132,176
370.0,314.0,132,176
364.0,322.0,132,176
360.0,328.0,132,176
356.0,334.0,132,176
354.0,338.0,132,176
354.0,340.0,132,176
356.0,342.0,132,176
343,326,149,154
343,326,149,154
343,326,149,154
352,326,140,154
352,326,140,154
368,326,125,154
374,326,125,154
374,326,125,154
374,326,125,154
379,316,125,154
383,307,125,154
386,299,125,154
387,293,125,154
391,290,125,154
391,285,125,154
391,285,125,154
395,285,113,145
395,285,113,145
396,278,113,145
396,278,113,145
396,278,113,145
396,278,113,145
396,278,113,145
396,278,113,140
396,278,113,140
396,278,113,132
396,278,113,132
396,278,113,132
402,278,99,132
402,278,99,132
402,278,99,132
402,278,99,132
404,271,99,132
402,271,99,132
401,268,99,132
401,268,99,132
401,268,95,123
397,263,95,123
395,262,95,123
395,262,95,123
389,262,95,123
389,262,95,123
383,255,95,123
383,255,95,123
378,255,95,123
378,255,95,123
373,254,95,123
373,254,95,123
370,249,95,123
370,249,95,123
361,249,95,123
361,249,95,123
362,244,95,123
362,244,95,123
362,244,95,123
362,244,95,123
362,239,95,123
362,239,95,123
362,239,95,123
362,239,95,123
364,231,95,123
364,231,95,123
364,231,95,123
368,227,95,123
368,227,95,123
368,227,95,123
368,219,95,123
368,219,95,123
368,219,95,123
365,214,95,123
365,214,95,123
360,213,95,123
360,213,95,123
360,213,95,123
360,213,95,123
356,205,95,123
356,205,95,123
355,201,95,123
355,201,95,123
355,201,95,123
352,196,95,123
352,196,95,123
352,196,95,123
350,190,95,123
350,190,95,123
344,186,95,123
344,186,95,123
344,186,95,123
341,183,95,123
341,183,95,123
334,182,95,123
334,182,95,123
334,182,95,123
324,179,95,123
324,179,95,123
319,179,95,123
319,179,95,123
311,179,95,123
311,179,95,123
306,179,95,123
306,179,95,123
298,179,95,123
298,179,95,123
294,176,95,123
294,176,95,123
290,173,95,123
290,173,95,123
281,172,95,123
281,172,95,123
274,170,95,123
274,170,95,123
263,170,95,123
263,170,95,123
260,170,95,123
260,170,95,123
260,170,95,123
249,172,95,123
249,172,95,123
244,172,95,123
244,172,95,123
244,172,95,123
236,168,95,123
236,168,95,123
231,164,95,123
231,164,95,123
231,164,95,123
231,164,95,123
224,163,95,123
224,163,95,123
224,163,95,123
216,164,95,123
216,164,95,123
216,164,95,123
216,164,95,123
216,164,95,123
216,164,95,123
216,164,95,123
222,164,95,123
222,164,95,123
230,163,95,123
230,163,95,123
230,163,103,123
230,163,103,123
235,163,103,123
235,163,103,123
243,163,103,123
243,163,103,123
243,163,103,123
243,163,103,123
243,163,103,123
243,163,103,123
243,163,103,123
245,155,109,135
245,155,109,135
245,155,109,135
239,149,116,141
239,149,116,141
235,140,116,141
231,133,116,141
227,128,116,141
227,128,116,141
221,120,118,141
221,120,118,141
209,115,127,141
209,115,127,141
199,122,127,141
