147,110,34,33
149.0,113.0,34,33
151.0,117.0,34,33
155.0,118.0,34,33
158.0,118.0,34,33
160.0,118.0,34,33
160.0,119.0,34,33
161.0,120.0,34,33
161.0,120.0,34,33
162.0,120.0,34,33
165.0,119.0,34,33
164.0,115.0,34,33
159.0,111.0,34,33
156.0,109.0,34,33
155.0,106.0,34,33
153.0,79.0,34,33
151.0,73.0,34,33
147.0,70.0,34,33
142.0,68.0,34,33
136.0,67.0,34,33
129.0,66.0,34,33
128.0,66.0,34,33
128.0,65.0,34,33
128.0,64.0,34,33
129.0,62.0,34,33
140.0,66.0,34,33
146.0,71.0,34,33
151.0,78.0,34,33
157.0,88.0,34,33
161.0,98.0,34,33
164.0,120.0,34,33
166.0,127.0,34,33
166.0,123.0,34,33
165.0,112.0,34,33
164.0,92.0,34,33
163.0,60.0,34,33
162.0,53.0,34,33
161.0,51.0,34,33
160.0,51.0,34,33
159.0,55.0,34,33
159.0,71.0,34,33
159.0,84.0,34,33
160.0,101.0,34,33
160.0,118.0,34,33
160.0,123.0,34,33
160.0,102.0,34,33
159.0,92.0,34,33
158.0,89.0,34,33
157.0,90.0,34,33
156.0,95.0,34,33
154.0,112.0,34,33
154.0,123.0,34,33
155.0,135.0,34,33
156.0,151.0,34,33
157.0,166.0,34,33
157.0,157.0,34,33
156.0,140.0,34,33
155.0,125.0,34,33
154.0,115.0,34,33
152.0,110.0,34,33
149.0,108.0,34,33
148.0,111.0,34,33
146.0,118.0,34,33
145.0,128.0,34,33
144.0,140.0,34,33
143.0,145.0,34,33
139.0,128.0,34,33
135.0,107.0,34,33
132.0,89.0,34,33
128.0,78.0,34,33
122.0,73.0,34,33
120.0,76.0,34,33
119.0,84.0,34,33
119.0,101.0,34,33
120.0,117.0,34,33
122.0,145.0,34,33
122.0,140.0,34,33
123.0,123.0,34,33
128.0,105.0,34,33
136.0,89.0,34,33
143.0,75.0,34,33
149.0,73.0,34,33
154.0,76.0,34,33
157.0,81.0,34,33
161.0,89.0,34,33
170.0,111.0,34,33
172.0,119.0,34,33
173.0,113.0,34,33
173.0,97.0,34,33
175.0,84.0,34,33
179.0,73.0,34,33
179.0,72.0,34,33
179.0,77.0,34,33
179.0,86.0,34,33
180.0,99.0,34,33
178.0,134.0,34,33
175.0,143.0,34,33
172.0,135.0,34,33
168.0,120.0,34,33
164.0,109.0,34,33
161.0,99.0,34,33
158.0,97.0,34,33
156.0,98.0,34,33
155.0,104.0,34,33
154.0,112.0,34,33
151.0,131.0,34,33
148.0,128.0,34,33
142.0,112.0,34,33
136.0,95.0,34,33
133.0,86.0,34,33
128.0,81.0,34,33
124.0,82.0,34,33
121.0,87.0,34,33
120.0,96.0,34,33
120.0,108.0,34,33
123.0,131.0,34,33
122.0,124.0,34,33
121.0,110.0,34,33
121.0,99.0,34,33
125.0,93.0,34,33
130.0,91.0,34,33
131.0,96.0,34,33
134.0,103.0,34,33
139.0,113.0,34,33
146.0,126.0,34,33
159.0,145.0,34,33
162.0,137.0,34,33
166.0,119.0,34,33
169.0,106.0,34,33
171.0,98.0,34,33
173.0,89.0,34,33
172.0,90.0,34,33
170.0,95.0,34,33
167.0,104.0,34,33
165.0,117.0,34,33
163.0,133.0,34,33
162.0,124.0,34,33
161.0,108.0,34,33
160.0,97.0,34,33
160.0,90.0,34,33
159.0,85.0,34,33
157.0,88.0,34,33
155.0,95.0,34,33
153.0,104.0,34,33
152.0,114.0,34,33
151.0,121.0,34,33
151.0,110.0,34,33
148.0,93.0,34,33
143.0,84.0,34,33
137.0,82.0,34,33
125.0,90.0,34,33
122.0,100.0,34,33
121.0,111.0,34,33
119.0,126.0,34,33
117.0,143.0,34,33
118.0,152.0,34,33
119.0,141.0,34,33
120.0,129.0,34,33
123.0,123.0,34,33
128.0,119.0,34,33
138.0,120.0,34,33
143.0,125.0,34,33
149.0,134.0,34,33
156.0,145.0,34,33
161.0,160.0,34,33
170.0,161.0,34,33
173.0,147.0,34,33
177.0,133.0,34,33
183.0,124.0,34,33
188.0,119.0,34,33
192.0,116.0,34,33
192.0,120.0,34,33
191.0,128.0,34,33
187.0,138.0,34,33
180.0,150.0,34,33
165.0,144.0,34,33
158.0,124.0,34,33
151.0,104.0,34,33
145.0,90.0,34,33
141.0,81.0,34,33
137.0,76.0,34,33
136.0,81.0,34,33
136.0,90.0,34,33
137.0,102.0,34,33
138.0,118.0,34,33
139.0,113.0,34,33
140.0,103.0,34,33
141.0,96.0,34,33
143.0,92.0,34,33
146.0,93.0,34,33
153.0,104.0,34,33
155.0,114.0,34,33
155.0,126.0,34,33
156.0,142.0,34,33
156.0,160.0,34,33
157.0,152.0,34,33
157.0,139.0,34,33
156.0,133.0,34,33
156.0,132.0,34,33
156.0,134.0,34,33
155.0,145.0,34,33
155.0,156.0,34,33
156.0,170.0,34,33
157.0,186.0,34,33
158.0,205.0,34,33
159.0,198.0,34,33
159.0,183.0,34,33
159.0,171.0,34,33
159.0,160.0,34,33
159.0,151.0,34,33
158.0,140.0,34,33
157.0,141.0,34,33
158.0,146.0,34,33
158.0,155.0,34,33
159.0,166.0,34,33
161.0,153.0,34,33
164.0,135.0,34,33
167.0,139.0,34,33
182.0,143.0,34,33
173.0,147.0,34,33
199.0,131.0,34,33
199.0,137.0,34,33
190.0,141.0,34,33
200.0,138.0,34,33
199.0,141.0,34,33
193.0,141.0,34,33
192.0,137.0,34,33
191.0,130.0,34,33
189.0,127.0,34,33
187.0,126.0,34,33
186.0,135.0,34,33
184.0,138.0,34,33
184.0,139.0,34,33
185.0,138.0,34,33
187.0,138.0,34,33
191.0,138.0,34,33
193.0,136.0,34,33
196.0,134.0,34,33
202.0,132.0,34,33
209.0,132.0,34,33
213.0,133.0,34,33
218.0,132.0,34,33
227.0,131.0,34,33
232.0,130.0,34,33
233.0,130.0,34,33
236.0,129.0,34,33
238.0,128.0,34,33
240.0,127.0,34,33
242.0,126.0,34,33
244.0,126.0,34,33
249.0,125.0,34,33
253.0,123.0,34,33
255.0,123.0,34,33
257.0,123.0,34,33
258.0,123.0,34,33
259.0,121.0,34,33
259.0,121.0,34,33
256.0,121.0,34,33
249.0,122.0,34,33
245.0,123.0,34,33
238.0,123.0,34,33
234.0,122.0,34,33
231.0,122.0,34,33
226.0,122.0,34,33
222.0,122.0,34,33
220.0,123.0,34,33
219.0,124.0,34,33
217.0,125.0,34,33
215.0,127.0,34,33
214.0,128.0,34,33
212.0,130.0,34,33
210.0,130.0,34,33
207.0,131.0,34,33
203.0,133.0,34,33
196.0,135.0,34,33
175.0,142.0,34,33
174.0,143.0,34,33
173.0,144.0,34,33
171.0,144.0,34,33
171.0,145.0,34,33
178.0,144.0,34,33
181.0,143.0,34,33
186.0,141.0,34,33
192.0,138.0,34,33
199.0,134.0,34,33
205.0,128.0,34,33
209.0,125.0,34,33
214.0,122.0,34,33
217.0,120.0,34,33
220.0,119.0,34,33
223.0,118.0,34,33
222.0,118.0,34,33
220.0,118.0,34,33
219.0,118.0,34,33
218.0,117.0,34,33
217.0,118.0,34,33
216.0,119.0,34,33
214.0,121.0,34,33
213.0,122.0,34,33
210.0,124.0,34,33
200.0,127.0,34,33
198.0,127.0,34,33
196.0,128.0,34,33
193.0,130.0,34,33
192.0,132.0,34,33
193.0,141.0,34,33
195.0,145.0,34,33
197.0,151.0,34,33
198.0,155.0,34,33
197.0,158.0,34,33
197.0,163.0,34,33
197.0,164.0,34,33
197.0,164.0,34,33