58,100,28,23
59.0,99.0,28,23
61.0,99.0,28,23
62.0,100.0,28,23
62.0,100.0,28,23
64.0,100.0,28,23
66.0,100.0,28,23
68.0,101.0,28,23
69.0,101.0,28,23
69.0,101.0,28,23
71.0,102.0,28,23
72.0,103.0,28,23
71.0,103.0,28,23
70.0,103.0,28,23
69.0,104.0,28,23
69.0,104.0,28,23
68.0,104.0,28,23
67.0,104.0,28,23
66.0,105.0,28,23
66.0,105.0,28,23
66.0,105.0,28,23
65.0,106.0,28,23
65.0,107.0,28,23
67.0,107.0,28,23
69.0,107.0,28,23
69.0,107.0,28,23
72.0,107.0,28,23
76.0,107.0,28,23
80.0,107.0,28,23
85.0,107.0,28,23
89.0,108.0,28,23
90.0,108.0,28,23
92.0,108.0,28,23
92.0,108.0,28,23
93.0,109.0,28,23
95.0,109.0,28,23
96.0,109.0,28,23
96.0,109.0,28,23
97.0,109.0,28,23
98.0,110.0,28,23
99.0,110.0,28,23
99.0,110.0,28,23
101.0,110.0,28,23
102.0,110.0,28,23
104.0,110.0,28,23
105.0,111.0,28,23
105.0,111.0,28,23
107.0,109.0,28,23
109.0,106.0,28,23
109.0,106.0,28,23
110.0,104.0,28,23
111.0,102.0,28,23
113.0,100.0,28,23
115.0,98.0,28,23
117.0,97.0,28,23
117.0,97.0,28,23
118.0,96.0,28,23
120.0,96.0,28,23
122.0,97.0,28,23
123.0,97.0,28,23
123.0,97.0,28,23
124.0,97.0,28,23
125.0,97.0,28,23
126.0,97.0,28,23
127.0,97.0,28,23
127.0,97.0,28,23
129.0,98.0,28,23
130.0,98.0,28,23
131.0,98.0,28,23
133.0,98.0,28,23
134.0,99.0,28,23
134.0,99.0,28,23
136.0,99.0,28,23
137.0,99.0,28,23
139.0,99.0,28,23
140.0,99.0,28,23
142.0,99.0,28,23
142.0,99.0,28,23
143.0,99.0,28,23
145.0,100.0,28,23
147.0,100.0,28,23
149.0,100.0,28,23
150.0,101.0,28,23
150.0,101.0,28,23
152.0,101.0,28,23
153.0,101.0,28,23
155.0,101.0,28,23
156.0,101.0,28,23
157.0,101.0,28,23
159.0,101.0,28,23
159.0,101.0,28,23
160.0,102.0,28,23
161.0,102.0,28,23
161.0,102.0,28,23
163.0,102.0,28,23
163.0,102.0,28,23
166.0,102.0,28,23
167.0,103.0,28,23
169.0,103.0,28,23
170.0,103.0,28,23
170.0,103.0,28,23
171.0,103.0,28,23
172.0,104.0,28,23
174.0,104.0,28,23
174.0,104.0,28,23
175.0,105.0,28,23
176.0,105.0,28,23
177.0,106.0,28,23
177.0,106.0,28,23
178.0,106.0,28,23
178.0,106.0,28,23
178.0,106.0,28,23
179.0,107.0,28,23
179.0,107.0,28,23
180.0,108.0,28,23
181.0,109.0,28,23
181.0,109.0,28,23
181.0,109.0,28,23
182.0,110.0,28,23
183.0,110.0,28,23
183.0,111.0,28,23
183.0,111.0,28,23
183.0,111.0,28,23
183.0,112.0,28,23
183.0,113.0,28,23
183.0,113.0,28,23
182.0,114.0,28,23
182.0,114.0,28,23
181.0,116.0,28,23
181.0,116.0,28,23
180.0,117.0,28,23
179.0,118.0,28,23
178.0,118.0,28,23
176.0,119.0,28,23
174.0,120.0,28,23
174.0,120.0,28,23
173.0,120.0,28,23
171.0,120.0,28,23
170.0,121.0,28,23
170.0,121.0,28,23
169.0,121.0,28,23
168.0,121.0,28,23
166.0,122.0,28,23
166.0,122.0,28,23
165.0,122.0,28,23
163.0,123.0,28,23
162.0,123.0,28,23
160.0,124.0,28,23
158.0,124.0,28,23
158.0,124.0,28,23
157.0,123.0,28,23
155.0,123.0,28,23
154.0,123.0,28,23
152.0,123.0,28,23
152.0,123.0,28,23
150.0,123.0,28,23
148.0,124.0,28,23
146.0,124.0,28,23
145.0,123.0,28,23
143.0,121.0,28,23
143.0,121.0,28,23
141.0,118.0,28,23
139.0,116.0,28,23
137.0,113.0,28,23
135.0,110.0,28,23
133.0,108.0,28,23
133.0,108.0,28,23
131.0,105.0,28,23
128.0,103.0,28,23
126.0,102.0,28,23
126.0,102.0,28,23
123.0,101.0,28,23
121.0,100.0,28,23
120.0,98.0,28,23
120.0,98.0,28,23
118.0,97.0,28,23
116.0,97.0,28,23
115.0,96.0,28,23
113.0,96.0,28,23
113.0,96.0,28,23
111.0,96.0,28,23
110.0,95.0,28,23
108.0,95.0,28,23
108.0,95.0,28,23
107.0,95.0,28,23
105.0,95.0,28,23
105.0,95.0,28,23
104.0,94.0,28,23
102.0,94.0,28,23
100.0,93.0,28,23
98.0,93.0,28,23
96.0,93.0,28,23
96.0,93.0,28,23
94.0,92.0,28,23
92.0,92.0,28,23
92.0,92.0,28,23
90.0,92.0,28,23
88.0,92.0,28,23
86.0,92.0,28,23
85.0,91.0,28,23
83.0,91.0,28,23
82.0,90.0,28,23
82.0,90.0,28,23
80.0,90.0,28,23
79.0,90.0,28,23
79.0,89.0,28,23
78.0,88.0,28,23
78.0,88.0,28,23
77.0,88.0,28,23
76.0,88.0,28,23
75.0,87.0,28,23
75.0,87.0,28,23
74.0,86.0,28,23
73.0,85.0,28,23
72.0,84.0,28,23
70.0,85.0,28,23
70.0,85.0,28,23
68.0,85.0,28,23
66.0,85.0,28,23
65.0,84.0,28,23
63.0,84.0,28,23
63.0,84.0,28,23
62.0,83.0,28,23
61.0,82.0,28,23
60.0,82.0,28,23
59.0,81.0,28,23
59.0,81.0,28,23
59.0,81.0,28,23
58.0,80.0,28,23
58.0,79.0,28,23
58.0,79.0,28,23
57.0,79.0,28,23
57.0,78.0,28,23
57.0,78.0,28,23
56.0,77.0,28,23
55.0,76.0,28,23
54.0,75.0,28,23
54.0,75.0,28,23
53.0,75.0,28,23
52.0,74.0,28,23
51.0,74.0,28,23
49.0,74.0,28,23
49.0,74.0,28,23
48.0,73.0,28,23
47.0,72.0,28,23
46.0,72.0,28,23
46.0,71.0,28,23
46.0,71.0,28,23
45.0,71.0,28,23
44.0,70.0,28,23
44.0,70.0,28,23
43.0,69.0,28,23
43.0,69.0,28,23
43.0,68.0,28,23
43.0,68.0,28,23
43.0,67.0,28,23
43.0,67.0,28,23
44.0,67.0,28,23
44.0,67.0,28,23
43.0,66.0,28,23
43.0,65.0,28,23
42.0,65.0,28,23
42.0,65.0,28,23
42.0,65.0,28,23
41.0,64.0,28,23
40.0,63.0,28,23
39.0,63.0,28,23
38.0,62.0,28,23
38.0,62.0,28,23
38.0,62.0,28,23
38.0,62.0,28,23
38.0,61.0,28,23
38.0,61.0,28,23
38.0,61.0,28,23
38.0,61.0,28,23
38.0,61.0,28,23
38.0,61.0,28,23
38.0,61.0,28,23
38.0,61.0,28,23
38.0,61.0,28,23
38.0,61.0,28,23
38.0,61.0,28,23
38.0,61.0,28,23
38.0,61.0,28,23
38.0,61.0,28,23
38.0,61.0,28,23
38.0,61.0,28,23
38.0,61.0,28,23
38.0,61.0,28,23
38.0,61.0,28,23
38.0,61.0,28,23
38.0,61.0,28,23
38.0,61.0,28,23
38.0,61.0,28,23
38.0,61.0,28,23
38.0,61.0,28,23
38.0,61.0,28,23
38.0,61.0,28,23
38.0,61.0,28,23
38.0,61.0,28,23
38.0,61.0,28,23
38.0,61.0,28,23
38.0,61.0,28,23
38.0,61.0,28,23
38.0,61.0,28,23
38.0,61.0,28,23
38.0,61.0,28,23
38.0,61.0,28,23
38.0,61.0,28,23
38.0,61.0,28,23
38.0,61.0,28,23
38.0,61.0,28,23
38.0,61.0,28,23
38.0,61.0,28,23
38.0,61.0,28,23
38.0,61.0,28,23
38.0,61.0,28,23
38.0,61.0,28,23
38.0,61.0,28,23
38.0,61.0,28,23
38.0,61.0,28,23
38.0,61.0,28,23
38.0,61.0,28,23
38.0,61.0,28,23
38.0,61.0,28,23
38.0,61.0,28,23
38.0,61.0,28,23
38.0,61.0,28,23
38.0,61.0,28,23
38.0,61.0,28,23
38.0,61.0,28,23
38.0,61.0,28,23
38.0,61.0,28,23
38.0,61.0,28,23
38.0,61.0,28,23
38.0,61.0,28,23
38.0,61.0,28,23
38.0,61.0,28,23
38.0,61.0,28,23
38.0,61.0,28,23
38.0,61.0,28,23
38.0,61.0,28,23
38.0,61.0,28,23
38.0,61.0,28,23
38.0,61.0,28,23
38.0,61.0,28,23
38.0,61.0,28,23
38.0,61.0,28,23
38.0,61.0,28,23
38.0,61.0,28,23
38.0,61.0,28,23
38.0,61.0,28,23
38.0,61.0,28,23
38.0,61.0,28,23
38.0,61.0,28,23
38.0,61.0,28,23
38.0,61.0,28,23
38.0,61.0,28,23
38.0,61.0,28,23
38.0,61.0,28,23
38.0,61.0,28,23
38.0,61.0,28,23
38.0,61.0,28,23
38.0,61.0,28,23
38.0,61.0,28,23
38.0,61.0,28,23
38.0,61.0,28,23
38.0,61.0,28,23
38.0,61.0,28,23
38.0,61.0,28,23
38.0,61.0,28,23
38.0,61.0,28,23
38.0,61.0,28,23
38.0,61.0,28,23
38.0,61.0,28,23
38.0,61.0,28,23
38.0,62.0,28,23
38.0,62.0,28,23
38.0,62.0,28,23
38.0,62.0,28,23
38.0,62.0,28,23
37.0,62.0,28,23
37.0,62.0,28,23
37.0,62.0,28,23
37.0,62.0,28,23
37.0,62.0,28,23
37.0,62.0,28,23
37.0,62.0,28,23
37.0,62.0,28,23
37.0,63.0,28,23
37.0,63.0,28,23
37.0,63.0,28,23
37.0,63.0,28,23
37.0,63.0,28,23
37.0,64.0,28,23
37.0,64.0,28,23
37.0,64.0,28,23
37.0,64.0,28,23
37.0,64.0,28,23
38.0,64.0,28,23
38.0,64.0,28,23
38.0,64.0,28,23
39.0,65.0,28,23
39.0,65.0,28,23
40.0,67.0,28,23
40.0,67.0,28,23
41.0,67.0,28,23
42.0,68.0,28,23
42.0,68.0,28,23
42.0,68.0,28,23
43.0,69.0,28,23
43.0,69.0,28,23
44.0,69.0,28,23
45.0,70.0,28,23
45.0,70.0,28,23
45.0,70.0,28,23
46.0,71.0,28,23
46.0,71.0,28,23
47.0,72.0,28,23
47.0,73.0,28,23
47.0,73.0,28,23
47.0,73.0,28,23
48.0,74.0,28,23
49.0,75.0,28,23
49.0,75.0,28,23
50.0,75.0,28,23
50.0,75.0,28,23
51.0,76.0,28,23
52.0,77.0,28,23
53.0,78.0,28,23
54.0,78.0,28,23
54.0,78.0,28,23
56.0,79.0,28,23
57.0,79.0,28,23
57.0,79.0,28,23
57.0,79.0,28,23
58.0,80.0,28,23
59.0,80.0,28,23
60.0,81.0,28,23
60.0,81.0,28,23
61.0,82.0,28,23
62.0,83.0,28,23
63.0,84.0,28,23
63.0,84.0,28,23
63.0,84.0,28,23
64.0,84.0,28,23
64.0,84.0,28,23
65.0,85.0,28,23
66.0,85.0,28,23
66.0,85.0,28,23
67.0,86.0,28,23
68.0,86.0,28,23
69.0,87.0,28,23
69.0,87.0,28,23
70.0,88.0,28,23
71.0,88.0,28,23
72.0,88.0,28,23
74.0,88.0,28,23
74.0,88.0,28,23
75.0,88.0,28,23
76.0,88.0,28,23
77.0,89.0,28,23
77.0,89.0,28,23
78.0,89.0,28,23
79.0,90.0,28,23
81.0,91.0,28,23
81.0,91.0,28,23
82.0,92.0,28,23
83.0,93.0,28,23
84.0,94.0,28,23
84.0,94.0,28,23
84.0,94.0,28,23
85.0,94.0,28,23
86.0,94.0,28,23
87.0,94.0,28,23
88.0,95.0,28,23
88.0,95.0,28,23
89.0,96.0,28,23
91.0,97.0,28,23
92.0,98.0,28,23
94.0,99.0,28,23
95.0,99.0,28,23
96.0,99.0,28,23
96.0,99.0,28,23
98.0,99.0,28,23
100.0,99.0,28,23
101.0,100.0,28,23
101.0,100.0,28,23
103.0,100.0,28,23
105.0,101.0,28,23
107.0,102.0,28,23
108.0,102.0,28,23
110.0,103.0,28,23
110.0,103.0,28,23
111.0,104.0,28,23
113.0,104.0,28,23
114.0,104.0,28,23
114.0,104.0,28,23
116.0,104.0,28,23
118.0,104.0,28,23
119.0,104.0,28,23
119.0,104.0,28,23
121.0,105.0,28,23
122.0,105.0,28,23
124.0,106.0,28,23
124.0,106.0,28,23
126.0,106.0,28,23
128.0,106.0,28,23
130.0,106.0,28,23
132.0,106.0,28,23
134.0,106.0,28,23
134.0,106.0,28,23
136.0,106.0,28,23
138.0,107.0,28,23
141.0,107.0,28,23
143.0,107.0,28,23
143.0,107.0,28,23
145.0,108.0,28,23
146.0,108.0,28,23
148.0,108.0,28,23
149.0,108.0,28,23
149.0,108.0,28,23
151.0,108.0,28,23
153.0,108.0,28,23
155.0,107.0,28,23
155.0,107.0,28,23
157.0,107.0,28,23
160.0,108.0,28,23
162.0,108.0,28,23
162.0,108.0,28,23
164.0,108.0,28,23
166.0,107.0,28,23
168.0,107.0,28,23
169.0,106.0,28,23
169.0,106.0,28,23
171.0,105.0,28,23
173.0,104.0,28,23
176.0,104.0,28,23
179.0,105.0,28,23
179.0,105.0,28,23
181.0,104.0,28,23
182.0,104.0,28,23
183.0,103.0,28,23
185.0,102.0,28,23
185.0,102.0,28,23
186.0,101.0,28,23
188.0,100.0,28,23
189.0,100.0,28,23
191.0,100.0,28,23
192.0,99.0,28,23
192.0,99.0,28,23
193.0,99.0,28,23
194.0,98.0,28,23
196.0,98.0,28,23
197.0,97.0,28,23
197.0,97.0,28,23
199.0,96.0,28,23
201.0,96.0,28,23
203.0,95.0,28,23
209.0,103.0,28,23
205.0,95.0,28,23
211.0,95.0,28,23
207.0,95.0,28,23
210.0,95.0,28,23
211.0,95.0,28,23
211.0,95.0,28,23
211.0,95.0,28,23
211.0,95.0,28,23
211.0,95.0,28,23
211.0,95.0,28,23
211.0,95.0,28,23
211.0,95.0,28,23
211.0,95.0,28,23
211.0,95.0,28,23
211.0,95.0,28,23
211.0,95.0,28,23
211.0,95.0,28,23
211.0,95.0,28,23
211.0,95.0,28,23
211.0,95.0,28,23
211.0,95.0,28,23
211.0,95.0,28,23
211.0,95.0,28,23
211.0,95.0,28,23
211.0,95.0,28,23
211.0,95.0,28,23
211.0,95.0,28,23
211.0,95.0,28,23
211.0,95.0,28,23
211.0,95.0,28,23
211.0,95.0,28,23
211.0,95.0,28,23
211.0,95.0,28,23
211.0,95.0,28,23
211.0,95.0,28,23
211.0,95.0,28,23
211.0,95.0,28,23
211.0,95.0,28,23
211.0,95.0,28,23
211.0,95.0,28,23
211.0,95.0,28,23
211.0,95.0,28,23
211.0,95.0,28,23
211.0,95.0,28,23
211.0,95.0,28,23
211.0,95.0,28,23
211.0,95.0,28,23
211.0,95.0,28,23
211.0,95.0,28,23
211.0,95.0,28,23
211.0,95.0,28,23
211.0,95.0,28,23
211.0,95.0,28,23
211.0,95.0,28,23
211.0,95.0,28,23
211.0,95.0,28,23
211.0,95.0,28,23
211.0,95.0,28,23
211.0,95.0,28,23
211.0,95.0,28,23
211.0,95.0,28,23
211.0,95.0,28,23
211.0,95.0,28,23
211.0,95.0,28,23
211.0,95.0,28,23
211.0,95.0,28,23
211.0,95.0,28,23
211.0,95.0,28,23
211.0,95.0,28,23
211.0,95.0,28,23
211.0,95.0,28,23
211.0,95.0,28,23
211.0,95.0,28,23
211.0,95.0,28,23
211.0,95.0,28,23
211.0,95.0,28,23
211.0,95.0,28,23
211.0,95.0,28,23
211.0,95.0,28,23
211.0,95.0,28,23
211.0,95.0,28,23
211.0,95.0,28,23
211.0,95.0,28,23
211.0,95.0,28,23
211.0,95.0,28,23
211.0,95.0,28,23
211.0,95.0,28,23
211.0,95.0,28,23
211.0,95.0,28,23
211.0,95.0,28,23
211.0,95.0,28,23
211.0,95.0,28,23
211.0,95.0,28,23
211.0,95.0,28,23
211.0,95.0,28,23
211.0,95.0,28,23
211.0,95.0,28,23
211.0,95.0,28,23
211.0,95.0,28,23
211.0,95.0,28,23
211.0,95.0,28,23
211.0,95.0,28,23
211.0,95.0,28,23
211.0,95.0,28,23
211.0,95.0,28,23
211.0,95.0,28,23
211.0,95.0,28,23
211.0,95.0,28,23
211.0,95.0,28,23
211.0,95.0,28,23
211.0,95.0,28,23
211.0,95.0,28,23
211.0,95.0,28,23
211.0,95.0,28,23
211.0,95.0,28,23
211.0,95.0,28,23
211.0,95.0,28,23
211.0,95.0,28,23
211.0,95.0,28,23
211.0,95.0,28,23
211.0,95.0,28,23
211.0,95.0,28,23
211.0,95.0,28,23
211.0,95.0,28,23
211.0,95.0,28,23
211.0,95.0,28,23
211.0,95.0,28,23
211.0,95.0,28,23
211.0,95.0,28,23
211.0,95.0,28,23
211.0,95.0,28,23
211.0,95.0,28,23
211.0,95.0,28,23
211.0,95.0,28,23
211.0,95.0,28,23
211.0,95.0,28,23
211.0,95.0,28,23
211.0,95.0,28,23
211.0,95.0,28,23
211.0,95.0,28,23
211.0,95.0,28,23
211.0,95.0,28,23
211.0,95.0,28,23
211.0,95.0,28,23
211.0,95.0,28,23
211.0,95.0,28,23
211.0,95.0,28,23
211.0,95.0,28,23
211.0,95.0,28,23
211.0,95.0,28,23
211.0,95.0,28,23
211.0,95.0,28,23
211.0,95.0,28,23
211.0,95.0,28,23
211.0,95.0,28,23
211.0,95.0,28,23
211.0,95.0,28,23
211.0,95.0,28,23
211.0,95.0,28,23
211.0,95.0,28,23
211.0,95.0,28,23
211.0,95.0,28,23
211.0,95.0,28,23
211.0,95.0,28,23
211.0,95.0,28,23
211.0,95.0,28,23
211.0,95.0,28,23
211.0,95.0,28,23
211.0,95.0,28,23
211.0,95.0,28,23
211.0,95.0,28,23
211.0,95.0,28,23
211.0,95.0,28,23
211.0,95.0,28,23
211.0,95.0,28,23
211.0,95.0,28,23
211.0,95.0,28,23
211.0,95.0,28,23
211.0,95.0,28,23
211.0,95.0,28,23
211.0,95.0,28,23
211.0,95.0,28,23
211.0,95.0,28,23
211.0,95.0,28,23
211.0,95.0,28,23
211.0,95.0,28,23
211.0,95.0,28,23
211.0,95.0,28,23
211.0,95.0,28,23
211.0,95.0,28,23
211.0,95.0,28,23
211.0,95.0,28,23
211.0,95.0,28,23
211.0,95.0,28,23
211.0,95.0,28,23
211.0,95.0,28,23
211.0,95.0,28,23
211.0,95.0,28,23
211.0,95.0,28,23
211.0,95.0,28,23
211.0,95.0,28,23
211.0,95.0,28,23
211.0,95.0,28,23
211.0,95.0,28,23
211.0,95.0,28,23
211.0,95.0,28,23
211.0,95.0,28,23
211.0,95.0,28,23
211.0,95.0,28,23
211.0,95.0,28,23
211.0,95.0,28,23
211.0,95.0,28,23
211.0,95.0,28,23
211.0,95.0,28,23
211.0,95.0,28,23
211.0,95.0,28,23
211.0,95.0,28,23
211.0,95.0,28,23
211.0,95.0,28,23
211.0,95.0,28,23
211.0,95.0,28,23
211.0,95.0,28,23
211.0,95.0,28,23
211.0,95.0,28,23
211.0,95.0,28,23
211.0,95.0,28,23
211.0,95.0,28,23
211.0,95.0,28,23
211.0,95.0,28,23
211.0,95.0,28,23
211.0,95.0,28,23
211.0,95.0,28,23
211.0,95.0,28,23
211.0,95.0,28,23
211.0,95.0,28,23
211.0,95.0,28,23
211.0,95.0,28,23
211.0,95.0,28,23
211.0,95.0,28,23
211.0,95.0,28,23
211.0,95.0,28,23
211.0,95.0,28,23
211.0,95.0,28,23
211.0,95.0,28,23
211.0,95.0,28,23
211.0,95.0,28,23
211.0,95.0,28,23
211.0,95.0,28,23
211.0,95.0,28,23
211.0,95.0,28,23
211.0,95.0,28,23
211.0,95.0,28,23
211.0,95.0,28,23
211.0,95.0,28,23
211.0,95.0,28,23
211.0,95.0,28,23
211.0,95.0,28,23
211.0,95.0,28,23
211.0,95.0,28,23
211.0,95.0,28,23
211.0,95.0,28,23
211.0,95.0,28,23
211.0,95.0,28,23
211.0,95.0,28,23
211.0,95.0,28,23
211.0,95.0,28,23
211.0,95.0,28,23
211.0,95.0,28,23
211.0,95.0,28,23
211.0,95.0,28,23
211.0,95.0,28,23
211.0,95.0,28,23
211.0,95.0,28,23
211.0,95.0,28,23
211.0,95.0,28,23
211.0,95.0,28,23
211.0,95.0,28,23
211.0,95.0,28,23
211.0,95.0,28,23
211.0,95.0,28,23
211.0,95.0,28,23
211.0,95.0,28,23
211.0,95.0,28,23
211.0,95.0,28,23
211.0,95.0,28,23
211.0,95.0,28,23
211.0,95.0,28,23
211.0,95.0,28,23
211.0,95.0,28,23
211.0,95.0,28,23
211.0,95.0,28,23
211.0,95.0,28,23
211.0,95.0,28,23
211.0,95.0,28,23
211.0,95.0,28,23
211.0,95.0,28,23
211.0,95.0,28,23
211.0,95.0,28,23
211.0,95.0,28,23
211.0,95.0,28,23
211.0,95.0,28,23
211.0,95.0,28,23
211.0,95.0,28,23
211.0,95.0,28,23
211.0,95.0,28,23
211.0,95.0,28,23
211.0,95.0,28,23
211.0,95.0,28,23
211.0,95.0,28,23
211.0,95.0,28,23
211.0,95.0,28,23
211.0,95.0,28,23
211.0,95.0,28,23
211.0,95.0,28,23
211.0,95.0,28,23
211.0,95.0,28,23
211.0,95.0,28,23
211.0,95.0,28,23
211.0,95.0,28,23
211.0,95.0,28,23
211.0,95.0,28,23
211.0,95.0,28,23
211.0,95.0,28,23
211.0,95.0,28,23
211.0,95.0,28,23
211.0,95.0,28,23
211.0,95.0,28,23
211.0,95.0,28,23
211.0,95.0,28,23
211.0,95.0,28,23
211.0,95.0,28,23
211.0,95.0,28,23
211.0,95.0,28,23
211.0,95.0,28,23
211.0,95.0,28,23
211.0,95.0,28,23
211.0,95.0,28,23
211.0,95.0,28,23
211.0,95.0,28,23
211.0,95.0,28,23
211.0,95.0,28,23
211.0,95.0,28,23
211.0,95.0,28,23
211.0,95.0,28,23
211.0,95.0,28,23
211.0,95.0,28,23
211.0,95.0,28,23
211.0,95.0,28,23
211.0,95.0,28,23
211.0,95.0,28,23
211.0,95.0,28,23
211.0,95.0,28,23
211.0,95.0,28,23
211.0,95.0,28,23
211.0,95.0,28,23
211.0,95.0,28,23
211.0,95.0,28,23
211.0,95.0,28,23
211.0,95.0,28,23
211.0,95.0,28,23
211.0,95.0,28,23
211.0,95.0,28,23
211.0,95.0,28,23
211.0,95.0,28,23
211.0,95.0,28,23
211.0,95.0,28,23
211.0,95.0,28,23
211.0,95.0,28,23
211.0,95.0,28,23
211.0,95.0,28,23
211.0,95.0,28,23
211.0,95.0,28,23
211.0,95.0,28,23
211.0,95.0,28,23
211.0,95.0,28,23
211.0,95.0,28,23
211.0,95.0,28,23
211.0,95.0,28,23
211.0,95.0,28,23
211.0,95.0,28,23
211.0,95.0,28,23
211.0,95.0,28,23
211.0,95.0,28,23
211.0,95.0,28,23
211.0,95.0,28,23
211.0,95.0,28,23
211.0,95.0,28,23
211.0,95.0,28,23
211.0,95.0,28,23
211.0,95.0,28,23
211.0,95.0,28,23
211.0,95.0,28,23
211.0,95.0,28,23
211.0,95.0,28,23
211.0,95.0,28,23
211.0,95.0,28,23
211.0,95.0,28,23
211.0,95.0,28,23
211.0,95.0,28,23
211.0,95.0,28,23
211.0,95.0,28,23
211.0,95.0,28,23
211.0,95.0,28,23
211.0,95.0,28,23
211.0,95.0,28,23
211.0,95.0,28,23
211.0,95.0,28,23
211.0,95.0,28,23
211.0,95.0,28,23
211.0,95.0,28,23
211.0,95.0,28,23
211.0,95.0,28,23
211.0,95.0,28,23
211.0,95.0,28,23
211.0,95.0,28,23
211.0,95.0,28,23
211.0,95.0,28,23
211.0,95.0,28,23
211.0,95.0,28,23
211.0,95.0,28,23
211.0,95.0,28,23
211.0,95.0,28,23
211.0,95.0,28,23
211.0,95.0,28,23
211.0,95.0,28,23
211.0,95.0,28,23
211.0,95.0,28,23
211.0,95.0,28,23
211.0,95.0,28,23
211.0,95.0,28,23
211.0,95.0,28,23
211.0,95.0,28,23
211.0,95.0,28,23
211.0,95.0,28,23
211.0,95.0,28,23
211.0,95.0,28,23
211.0,95.0,28,23
211.0,95.0,28,23
211.0,95.0,28,23
211.0,95.0,28,23