197,87,38,18
197.0,87.0,38,18
196.0,88.0,38,18
196.0,87.0,38,18
196.0,87.0,38,18
197.0,87.0,38,18
197.0,87.0,38,18
198.0,87.0,38,18
198.0,87.0,38,18
198.0,87.0,38,18
197.0,88.0,38,18
197.0,88.0,38,18
197.0,87.0,38,18
196.0,87.0,38,18
196.0,87.0,38,18
196.0,87.0,38,18
195.0,87.0,38,18
195.0,87.0,38,18
194.0,87.0,38,18
194.0,87.0,38,18
193.0,87.0,38,18
193.0,87.0,38,18
193.0,87.0,38,18
193.0,87.0,38,18
192.0,88.0,38,18
192.0,88.0,38,18
191.0,88.0,38,18
191.0,89.0,38,18
191.0,89.0,38,18
191.0,88.0,38,18
192.0,88.0,38,18
192.0,87.0,38,18
192.0,87.0,38,18
192.0,87.0,38,18
192.0,87.0,38,18
192.0,87.0,38,18
192.0,87.0,38,18
192.0,87.0,38,18
191.0,87.0,38,18
191.0,87.0,38,18
191.0,87.0,38,18
191.0,87.0,38,18
191.0,87.0,38,18
190.0,87.0,38,18
190.0,87.0,38,18
190.0,87.0,38,18
190.0,87.0,38,18
189.0,87.0,38,18
189.0,87.0,38,18
188.0,88.0,38,18
188.0,88.0,38,18
187.0,89.0,38,18
187.0,89.0,38,18
186.0,89.0,38,18
186.0,89.0,38,18
186.0,89.0,38,18
185.0,89.0,38,18
185.0,89.0,38,18
185.0,89.0,38,18
184.0,89.0,38,18
184.0,89.0,38,18
183.0,89.0,38,18
183.0,89.0,38,18
183.0,89.0,38,18
183.0,89.0,38,18
182.0,90.0,38,18
182.0,91.0,38,18
182.0,91.0,38,18
182.0,91.0,38,18
182.0,91.0,38,18
182.0,91.0,38,18
182.0,91.0,38,18
182.0,91.0,38,18
182.0,91.0,38,18
183.0,91.0,38,18
182.0,91.0,38,18
183.0,91.0,38,18
183.0,91.0,38,18
183.0,91.0,38,18
183.0,92.0,38,18
184.0,93.0,38,18
184.0,93.0,38,18
184.0,93.0,38,18
184.0,94.0,38,18
183.0,95.0,38,18
183.0,95.0,38,18
183.0,95.0,38,18
183.0,95.0,38,18
183.0,95.0,38,18
183.0,95.0,38,18
184.0,95.0,38,18
184.0,95.0,38,18
185.0,95.0,38,18
185.0,95.0,38,18
185.0,95.0,38,18
185.0,95.0,38,18
185.0,95.0,38,18
185.0,95.0,38,18
185.0,95.0,38,18
185.0,95.0,38,18
185.0,95.0,38,18
186.0,95.0,38,18
186.0,95.0,38,18
186.0,95.0,38,18
186.0,94.0,38,18
186.0,93.0,38,18
186.0,93.0,38,18
185.0,93.0,38,18
185.0,92.0,38,18
185.0,91.0,38,18
185.0,91.0,38,18
185.0,91.0,38,18
185.0,91.0,38,18
186.0,91.0,38,18
186.0,91.0,38,18
186.0,91.0,38,18
186.0,91.0,38,18
186.0,91.0,38,18
186.0,91.0,38,18
186.0,90.0,38,18
186.0,90.0,38,18
185.0,90.0,38,18
185.0,91.0,38,18
184.0,91.0,38,18
184.0,91.0,38,18
184.0,91.0,38,18
184.0,91.0,38,18
184.0,92.0,38,18
183.0,93.0,38,18
183.0,93.0,38,18
183.0,93.0,38,18
183.0,93.0,38,18
183.0,93.0,38,18
183.0,93.0,38,18
183.0,93.0,38,18
182.0,93.0,38,18
182.0,93.0,38,18
182.0,92.0,38,18
183.0,91.0,38,18
183.0,91.0,38,18
183.0,91.0,38,18
183.0,91.0,38,18
184.0,91.0,38,18
184.0,91.0,38,18
183.0,91.0,38,18
183.0,91.0,38,18
183.0,90.0,38,18
183.0,89.0,38,18
183.0,89.0,38,18
183.0,89.0,38,18
183.0,89.0,38,18
183.0,89.0,38,18
183.0,90.0,38,18
183.0,91.0,38,18
183.0,91.0,38,18
182.0,90.0,38,18
182.0,89.0,38,18
182.0,89.0,38,18
182.0,89.0,38,18
182.0,89.0,38,18
182.0,89.0,38,18
182.0,89.0,38,18
182.0,89.0,38,18
182.0,89.0,38,18
181.0,88.0,38,18
181.0,88.0,38,18
181.0,88.0,38,18
182.0,88.0,38,18
182.0,88.0,38,18
183.0,89.0,38,18
183.0,89.0,38,18
184.0,89.0,38,18
184.0,89.0,38,18
185.0,89.0,38,18
185.0,88.0,38,18
186.0,87.0,38,18
186.0,87.0,38,18
186.0,88.0,38,18
185.0,87.0,38,18
186.0,87.0,38,18
186.0,87.0,38,18
186.0,87.0,38,18
187.0,87.0,38,18
187.0,87.0,38,18
187.0,87.0,38,18
188.0,87.0,38,18
188.0,87.0,38,18
189.0,87.0,38,18
189.0,87.0,38,18
189.0,87.0,38,18
189.0,87.0,38,18
189.0,87.0,38,18
189.0,87.0,38,18
189.0,87.0,38,18
189.0,87.0,38,18
189.0,87.0,38,18
190.0,87.0,38,18
190.0,87.0,38,18
190.0,87.0,38,18
190.0,87.0,38,18
190.0,87.0,38,18
189.0,87.0,38,18
189.0,86.0,38,18
189.0,86.0,38,18
189.0,86.0,38,18
189.0,86.0,38,18
188.0,87.0,38,18
188.0,87.0,38,18
188.0,87.0,38,18
188.0,87.0,38,18
188.0,87.0,38,18
188.0,87.0,38,18
188.0,86.0,38,18
188.0,86.0,38,18
187.0,86.0,38,18
186.0,86.0,38,18
186.0,85.0,38,18
186.0,85.0,38,18
186.0,85.0,38,18
186.0,85.0,38,18
187.0,85.0,38,18
187.0,85.0,38,18
188.0,85.0,38,18
188.0,85.0,38,18
188.0,84.0,38,18
188.0,84.0,38,18
188.0,83.0,38,18
188.0,83.0,38,18
188.0,83.0,38,18
188.0,83.0,38,18
188.0,84.0,38,18
188.0,85.0,38,18
189.0,85.0,38,18
189.0,85.0,38,18
190.0,85.0,38,18
191.0,85.0,38,18
191.0,85.0,38,18
192.0,85.0,38,18
192.0,84.0,38,18
193.0,83.0,38,18
193.0,83.0,38,18
193.0,83.0,38,18
194.0,83.0,38,18
194.0,83.0,38,18
195.0,83.0,38,18
195.0,83.0,38,18
195.0,83.0,38,18
195.0,85.0,38,18
194.0,85.0,38,18
194.0,85.0,38,18
193.0,85.0,38,18
192.0,85.0,38,18
192.0,85.0,38,18
192.0,85.0,38,18
191.0,85.0,38,18
192.0,85.0,38,18
193.0,85.0,38,18
193.0,85.0,38,18
195.0,85.0,38,18
196.0,85.0,38,18
197.0,85.0,38,18
198.0,85.0,38,18
199.0,85.0,38,18
200.0,85.0,38,18
201.0,83.0,38,18
202.0,83.0,38,18
204.0,82.0,38,18
205.0,81.0,38,18
207.0,81.0,38,18
209.0,81.0,38,18
210.0,80.0,38,18
211.0,79.0,38,18
212.0,79.0,38,18
213.0,79.0,38,18
213.0,79.0,38,18
213.0,79.0,38,18
213.0,79.0,38,18
213.0,79.0,38,18
213.0,80.0,38,18
213.0,81.0,38,18
212.0,81.0,38,18
212.0,81.0,38,18
212.0,81.0,38,18
213.0,81.0,38,18
213.0,81.0,38,18
213.0,81.0,38,18
212.0,81.0,38,18
212.0,81.0,38,18
212.0,79.0,38,18
212.0,79.0,38,18
211.0,79.0,38,18
211.0,79.0,38,18
211.0,79.0,38,18
210.0,79.0,38,18
210.0,80.0,38,18
209.0,80.0,38,18
208.0,80.0,38,18
208.0,80.0,38,18
207.0,80.0,38,18
207.0,81.0,38,18
207.0,81.0,38,18
207.0,81.0,38,18
207.0,80.0,38,18
207.0,80.0,38,18
207.0,80.0,38,18
207.0,79.0,38,18
207.0,78.0,38,18
207.0,78.0,38,18
207.0,78.0,38,18
207.0,78.0,38,18
207.0,78.0,38,18
208.0,78.0,38,18
208.0,78.0,38,18
208.0,78.0,38,18
208.0,78.0,38,18
208.0,78.0,38,18
208.0,77.0,38,18
209.0,76.0,38,18
208.0,76.0,38,18
208.0,76.0,38,18
209.0,75.0,38,18
209.0,75.0,38,18
210.0,75.0,38,18
210.0,76.0,38,18
210.0,76.0,38,18
211.0,77.0,38,18
210.0,78.0,38,18
210.0,78.0,38,18
209.0,79.0,38,18
209.0,79.0,38,18
209.0,78.0,38,18
209.0,78.0,38,18
209.0,78.0,38,18
209.0,78.0,38,18
209.0,78.0,38,18
209.0,78.0,38,18
210.0,78.0,38,18
210.0,79.0,38,18
210.0,79.0,38,18
210.0,80.0,38,18
210.0,80.0,38,18
209.0,80.0,38,18
209.0,81.0,38,18
208.0,81.0,38,18
208.0,80.0,38,18
208.0,81.0,38,18
208.0,81.0,38,18
207.0,80.0,38,18
207.0,80.0,38,18
207.0,79.0,38,18
206.0,79.0,38,18
205.0,79.0,38,18
204.0,78.0,38,18
204.0,78.0,38,18
203.0,78.0,38,18
203.0,78.0,38,18
202.0,79.0,38,18
202.0,79.0,38,18
202.0,79.0,38,18
201.0,79.0,38,18
201.0,79.0,38,18
200.0,79.0,38,18
200.0,79.0,38,18
199.0,79.0,38,18
199.0,80.0,38,18
199.0,81.0,38,18
199.0,81.0,38,18
199.0,81.0,38,18
198.0,82.0,38,18
198.0,83.0,38,18
198.0,83.0,38,18
197.0,84.0,38,18
197.0,85.0,38,18
198.0,85.0,38,18
198.0,85.0,38,18
197.0,86.0,38,18
197.0,86.0,38,18
197.0,85.0,38,18
196.0,85.0,38,18
195.0,86.0,38,18
195.0,87.0,38,18
194.0,87.0,38,18
194.0,88.0,38,18
194.0,89.0,38,18
194.0,89.0,38,18
193.0,90.0,38,18
193.0,90.0,38,18
193.0,90.0,38,18
193.0,90.0,38,18
192.0,90.0,38,18
192.0,90.0,38,18
193.0,90.0,38,18
193.0,90.0,38,18
194.0,90.0,38,18
194.0,90.0,38,18
195.0,90.0,38,18
196.0,90.0,38,18
197.0,91.0,38,18
197.0,92.0,38,18
197.0,92.0,38,18
198.0,91.0,38,18
199.0,91.0,38,18
200.0,90.0,38,18
200.0,90.0,38,18
201.0,89.0,38,18
202.0,88.0,38,18
202.0,87.0,38,18
202.0,87.0,38,18
201.0,87.0,38,18
201.0,86.0,38,18
200.0,87.0,38,18
200.0,87.0,38,18
200.0,88.0,38,18
200.0,88.0,38,18
200.0,88.0,38,18
201.0,87.0,38,18
201.0,87.0,38,18
201.0,87.0,38,18
202.0,86.0,38,18
202.0,85.0,38,18
202.0,85.0,38,18
202.0,85.0,38,18
202.0,84.0,38,18
202.0,84.0,38,18
203.0,84.0,38,18
203.0,86.0,38,18
203.0,86.0,38,18
202.0,88.0,38,18
202.0,88.0,38,18
202.0,88.0,38,18
202.0,89.0,38,18
201.0,90.0,38,18
201.0,89.0,38,18
201.0,88.0,38,18
200.0,89.0,38,18
199.0,89.0,38,18
198.0,89.0,38,18
197.0,89.0,38,18
197.0,88.0,38,18
196.0,88.0,38,18
195.0,88.0,38,18
194.0,88.0,38,18
193.0,88.0,38,18
193.0,88.0,38,18
192.0,87.0,38,18
192.0,87.0,38,18
192.0,86.0,38,18
193.0,86.0,38,18
193.0,86.0,38,18
194.0,86.0,38,18
194.0,86.0,38,18
195.0,86.0,38,18
196.0,86.0,38,18
197.0,87.0,38,18
197.0,88.0,38,18
198.0,88.0,38,18
198.0,88.0,38,18
199.0,88.0,38,18
199.0,88.0,38,18
199.0,88.0,38,18
199.0,88.0,38,18
200.0,88.0,38,18
200.0,87.0,38,18
200.0,87.0,38,18
200.0,87.0,38,18
200.0,87.0,38,18
200.0,87.0,38,18
199.0,86.0,38,18
198.0,86.0,38,18
197.0,86.0,38,18
197.0,85.0,38,18
197.0,84.0,38,18
197.0,84.0,38,18
196.0,84.0,38,18
196.0,84.0,38,18
196.0,84.0,38,18
195.0,84.0,38,18
195.0,84.0,38,18
194.0,84.0,38,18
193.0,84.0,38,18
193.0,84.0,38,18
192.0,84.0,38,18
191.0,84.0,38,18
190.0,84.0,38,18
190.0,84.0,38,18
190.0,84.0,38,18
189.0,84.0,38,18
189.0,84.0,38,18
189.0,84.0,38,18
189.0,82.0,38,18
189.0,82.0,38,18
190.0,82.0,38,18
190.0,81.0,38,18
191.0,80.0,38,18
192.0,80.0,38,18
193.0,80.0,38,18
194.0,80.0,38,18
195.0,80.0,38,18
196.0,80.0,38,18
197.0,78.0,38,18
196.0,78.0,38,18
195.0,78.0,38,18
193.0,78.0,38,18
192.0,78.0,38,18
190.0,78.0,38,18
189.0,80.0,38,18
188.0,80.0,38,18
187.0,80.0,38,18
186.0,80.0,38,18
186.0,80.0,38,18
185.0,80.0,38,18
185.0,79.0,38,18
185.0,78.0,38,18
186.0,77.0,38,18
186.0,78.0,38,18
187.0,78.0,38,18
186.0,78.0,38,18
186.0,78.0,38,18
186.0,78.0,38,18
186.0,79.0,38,18
186.0,80.0,38,18
186.0,80.0,38,18
187.0,79.0,38,18
187.0,79.0,38,18
187.0,80.0,38,18
188.0,80.0,38,18
189.0,78.0,38,18
190.0,77.0,38,18
190.0,76.0,38,18
190.0,76.0,38,18
189.0,76.0,38,18
189.0,76.0,38,18
189.0,75.0,38,18
189.0,75.0,38,18
189.0,74.0,38,18
189.0,74.0,38,18
190.0,73.0,38,18
191.0,73.0,38,18
191.0,73.0,38,18
191.0,73.0,38,18
191.0,72.0,38,18
192.0,70.0,38,18
192.0,70.0,38,18
193.0,70.0,38,18
193.0,70.0,38,18
194.0,70.0,38,18
194.0,70.0,38,18
194.0,70.0,38,18
194.0,70.0,38,18
194.0,70.0,38,18
196.0,69.0,38,18
197.0,68.0,38,18
198.0,69.0,38,18
198.0,69.0,38,18
199.0,68.0,38,18
200.0,68.0,38,18
201.0,69.0,38,18
200.0,70.0,38,18
200.0,71.0,38,18
200.0,71.0,38,18
201.0,72.0,38,18
201.0,73.0,38,18
201.0,74.0,38,18
201.0,75.0,38,18
201.0,75.0,38,18
201.0,74.0,38,18
201.0,74.0,38,18
200.0,74.0,38,18
199.0,74.0,38,18
199.0,73.0,38,18
198.0,73.0,38,18
197.0,74.0,38,18
197.0,74.0,38,18
197.0,74.0,38,18
198.0,74.0,38,18
198.0,75.0,38,18
198.0,76.0,38,18
198.0,76.0,38,18
197.0,77.0,38,18
197.0,77.0,38,18
196.0,77.0,38,18
194.0,76.0,38,18
194.0,76.0,38,18
194.0,75.0,38,18
193.0,76.0,38,18
191.0,77.0,38,18
189.0,78.0,38,18
187.0,78.0,38,18
185.0,78.0,38,18
183.0,78.0,38,18
182.0,78.0,38,18
182.0,77.0,38,18
182.0,77.0,38,18
183.0,77.0,38,18
183.0,77.0,38,18
184.0,77.0,38,18
184.0,76.0,38,18
184.0,76.0,38,18
185.0,74.0,38,18
185.0,74.0,38,18
185.0,75.0,38,18
185.0,75.0,38,18
185.0,76.0,38,18
185.0,76.0,38,18
185.0,76.0,38,18
185.0,76.0,38,18
186.0,76.0,38,18
187.0,76.0,38,18
188.0,77.0,38,18
188.0,78.0,38,18
188.0,78.0,38,18
189.0,76.0,38,18
188.0,76.0,38,18
188.0,75.0,38,18
188.0,74.0,38,18
188.0,73.0,38,18
188.0,73.0,38,18
188.0,74.0,38,18
187.0,76.0,38,18
186.0,77.0,38,18
186.0,77.0,38,18
186.0,77.0,38,18
186.0,78.0,38,18
185.0,79.0,38,18
184.0,79.0,38,18
184.0,79.0,38,18
184.0,80.0,38,18
182.0,81.0,38,18
181.0,81.0,38,18
180.0,81.0,38,18
180.0,81.0,38,18
180.0,81.0,38,18
179.0,83.0,38,18
179.0,83.0,38,18
179.0,85.0,38,18
178.0,85.0,38,18
178.0,86.0,38,18
176.0,87.0,38,18
176.0,87.0,38,18
176.0,87.0,38,18
176.0,88.0,38,18
176.0,89.0,38,18
176.0,90.0,38,18
176.0,91.0,38,18
176.0,92.0,38,18
175.0,93.0,38,18
175.0,93.0,38,18
174.0,95.0,38,18
174.0,96.0,38,18
174.0,97.0,38,18
173.0,99.0,38,18
172.0,100.0,38,18
171.0,101.0,38,18
170.0,102.0,38,18
169.0,103.0,38,18
168.0,104.0,38,18
168.0,105.0,38,18
167.0,106.0,38,18
167.0,106.0,38,18
167.0,107.0,38,18
168.0,107.0,38,18
168.0,108.0,38,18
169.0,108.0,38,18
169.0,109.0,38,18
170.0,110.0,38,18
169.0,111.0,38,18
169.0,111.0,38,18
168.0,112.0,38,18
168.0,113.0,38,18
168.0,114.0,38,18
167.0,115.0,38,18
167.0,116.0,38,18
167.0,117.0,38,18
166.0,118.0,38,18
166.0,119.0,38,18
165.0,119.0,38,18
165.0,120.0,38,18
165.0,120.0,38,18
165.0,120.0,38,18
165.0,121.0,38,18
165.0,121.0,38,18
165.0,122.0,38,18
165.0,123.0,38,18
165.0,123.0,38,18
164.0,124.0,38,18
164.0,125.0,38,18
164.0,125.0,38,18
164.0,125.0,38,18
164.0,127.0,38,18
164.0,127.0,38,18
165.0,127.0,38,18
165.0,127.0,38,18
166.0,127.0,38,18
166.0,127.0,38,18
166.0,127.0,38,18
167.0,127.0,38,18
167.0,127.0,38,18
168.0,127.0,38,18
168.0,127.0,38,18
169.0,127.0,38,18
168.0,129.0,38,18
169.0,129.0,38,18
169.0,129.0,38,18
169.0,131.0,38,18
169.0,132.0,38,18
170.0,133.0,38,18
169.0,135.0,38,18
169.0,135.0,38,18
169.0,136.0,38,18
169.0,136.0,38,18
168.0,136.0,38,18
168.0,137.0,38,18
167.0,137.0,38,18
167.0,137.0,38,18
167.0,137.0,38,18
167.0,137.0,38,18
167.0,137.0,38,18
167.0,137.0,38,18
166.0,137.0,38,18
166.0,137.0,38,18
166.0,137.0,38,18
166.0,137.0,38,18
166.0,137.0,38,18
166.0,137.0,38,18
166.0,137.0,38,18
166.0,137.0,38,18
167.0,137.0,38,18
167.0,137.0,38,18
168.0,137.0,38,18
168.0,137.0,38,18
169.0,137.0,38,18
169.0,137.0,38,18
169.0,137.0,38,18
169.0,138.0,38,18
169.0,138.0,38,18
170.0,137.0,38,18
170.0,137.0,38,18
171.0,137.0,38,18
172.0,137.0,38,18
172.0,138.0,38,18
173.0,139.0,38,18
173.0,139.0,38,18
174.0,139.0,38,18
175.0,139.0,38,18
175.0,138.0,38,18
176.0,138.0,38,18
177.0,138.0,38,18
178.0,138.0,38,18
178.0,138.0,38,18
179.0,138.0,38,18
180.0,139.0,38,18
180.0,139.0,38,18
180.0,139.0,38,18
181.0,139.0,38,18
181.0,139.0,38,18
181.0,139.0,38,18
182.0,139.0,38,18
182.0,139.0,38,18
183.0,138.0,38,18
183.0,138.0,38,18
184.0,138.0,38,18
184.0,137.0,38,18
185.0,137.0,38,18
186.0,136.0,38,18
187.0,136.0,38,18
187.0,136.0,38,18
188.0,136.0,38,18
188.0,135.0,38,18
188.0,134.0,38,18
189.0,134.0,38,18
190.0,134.0,38,18
191.0,134.0,38,18
192.0,135.0,38,18
193.0,136.0,38,18
193.0,136.0,38,18
194.0,136.0,38,18
194.0,136.0,38,18
194.0,136.0,38,18
195.0,136.0,38,18
195.0,136.0,38,18
197.0,136.0,38,18
197.0,136.0,38,18
197.0,138.0,38,18
198.0,138.0,38,18
198.0,138.0,38,18
198.0,139.0,38,18
198.0,139.0,38,18
198.0,140.0,38,18
198.0,140.0,38,18
199.0,140.0,38,18
198.0,141.0,38,18
198.0,142.0,38,18
199.0,142.0,38,18
199.0,143.0,38,18
200.0,143.0,38,18
201.0,144.0,38,18
201.0,144.0,38,18
202.0,144.0,38,18
203.0,144.0,38,18
204.0,144.0,38,18
205.0,144.0,38,18
206.0,144.0,38,18
207.0,144.0,38,18
208.0,145.0,38,18
209.0,145.0,38,18
209.0,146.0,38,18
209.0,146.0,38,18
210.0,146.0,38,18
210.0,147.0,38,18
211.0,148.0,38,18
211.0,149.0,38,18
211.0,150.0,38,18
211.0,150.0,38,18
212.0,150.0,38,18
212.0,150.0,38,18
212.0,150.0,38,18
212.0,150.0,38,18
212.0,150.0,38,18
212.0,150.0,38,18
213.0,150.0,38,18
213.0,150.0,38,18
214.0,149.0,38,18
214.0,148.0,38,18
215.0,148.0,38,18
215.0,148.0,38,18
215.0,148.0,38,18
216.0,148.0,38,18
216.0,147.0,38,18
217.0,147.0,38,18
218.0,146.0,38,18
218.0,146.0,38,18
218.0,146.0,38,18
219.0,146.0,38,18
219.0,146.0,38,18
219.0,146.0,38,18
220.0,146.0,38,18
220.0,145.0,38,18
221.0,144.0,38,18
221.0,144.0,38,18
222.0,144.0,38,18
222.0,144.0,38,18
223.0,144.0,38,18
224.0,144.0,38,18
225.0,144.0,38,18
226.0,143.0,38,18
227.0,142.0,38,18
227.0,142.0,38,18
228.0,142.0,38,18
229.0,142.0,38,18
229.0,142.0,38,18
230.0,142.0,38,18
230.0,142.0,38,18
232.0,142.0,38,18
233.0,141.0,38,18
234.0,140.0,38,18
234.0,140.0,38,18
235.0,140.0,38,18
236.0,140.0,38,18
238.0,139.0,38,18
239.0,138.0,38,18
240.0,138.0,38,18
240.0,138.0,38,18
240.0,138.0,38,18
241.0,137.0,38,18
241.0,136.0,38,18
241.0,136.0,38,18
241.0,136.0,38,18
241.0,136.0,38,18
241.0,136.0,38,18
243.0,135.0,38,18
243.0,135.0,38,18
243.0,134.0,38,18
244.0,134.0,38,18
244.0,134.0,38,18
244.0,134.0,38,18
244.0,134.0,38,18
244.0,134.0,38,18
245.0,134.0,38,18
245.0,134.0,38,18
245.0,134.0,38,18
245.0,134.0,38,18
245.0,134.0,38,18
245.0,134.0,38,18
245.0,134.0,38,18
245.0,134.0,38,18
245.0,134.0,38,18
244.0,134.0,38,18
244.0,134.0,38,18
244.0,134.0,38,18
243.0,134.0,38,18
243.0,134.0,38,18
242.0,134.0,38,18
242.0,134.0,38,18
242.0,134.0,38,18
242.0,134.0,38,18
242.0,134.0,38,18
242.0,134.0,38,18
242.0,134.0,38,18
242.0,134.0,38,18
242.0,134.0,38,18
242.0,134.0,38,18
241.0,134.0,38,18
241.0,134.0,38,18
241.0,134.0,38,18
240.0,134.0,38,18
239.0,134.0,38,18
239.0,134.0,38,18
239.0,133.0,38,18
239.0,132.0,38,18
238.0,132.0,38,18
237.0,132.0,38,18
237.0,132.0,38,18
237.0,131.0,38,18
237.0,130.0,38,18
237.0,130.0,38,18
236.0,130.0,38,18
236.0,130.0,38,18
236.0,130.0,38,18
236.0,130.0,38,18
236.0,130.0,38,18
236.0,130.0,38,18
236.0,130.0,38,18
236.0,130.0,38,18
235.0,131.0,38,18
235.0,131.0,38,18
235.0,131.0,38,18
234.0,131.0,38,18
233.0,132.0,38,18
233.0,132.0,38,18
232.0,132.0,38,18
233.0,132.0,38,18
232.0,133.0,38,18
230.0,134.0,38,18
230.0,134.0,38,18
230.0,134.0,38,18
229.0,134.0,38,18
229.0,134.0,38,18
229.0,134.0,38,18
228.0,134.0,38,18
228.0,134.0,38,18
228.0,134.0,38,18
228.0,134.0,38,18
227.0,134.0,38,18
226.0,134.0,38,18
226.0,134.0,38,18
225.0,134.0,38,18
225.0,134.0,38,18
225.0,133.0,38,18
225.0,133.0,38,18
225.0,133.0,38,18
224.0,133.0,38,18
224.0,133.0,38,18
224.0,133.0,38,18
225.0,133.0,38,18
225.0,133.0,38,18
225.0,133.0,38,18
225.0,133.0,38,18
225.0,132.0,38,18
224.0,132.0,38,18
224.0,132.0,38,18
224.0,132.0,38,18
225.0,132.0,38,18
225.0,132.0,38,18
225.0,132.0,38,18
226.0,132.0,38,18
226.0,133.0,38,18
226.0,133.0,38,18
226.0,133.0,38,18
226.0,133.0,38,18
226.0,134.0,38,18
227.0,134.0,38,18
227.0,134.0,38,18
227.0,134.0,38,18
227.0,135.0,38,18
227.0,136.0,38,18
228.0,136.0,38,18
228.0,136.0,38,18
227.0,138.0,38,18
228.0,138.0,38,18
228.0,139.0,38,18
228.0,140.0,38,18
228.0,140.0,38,18
228.0,141.0,38,18
227.0,142.0,38,18
227.0,142.0,38,18
227.0,142.0,38,18
227.0,142.0,38,18
227.0,142.0,38,18
227.0,142.0,38,18
227.0,143.0,38,18
227.0,143.0,38,18
227.0,143.0,38,18
228.0,143.0,38,18
228.0,143.0,38,18
228.0,143.0,38,18
229.0,142.0,38,18
228.0,142.0,38,18
228.0,143.0,38,18
228.0,143.0,38,18
228.0,143.0,38,18
228.0,143.0,38,18
228.0,144.0,38,18
228.0,144.0,38,18
229.0,144.0,38,18
230.0,144.0,38,18
230.0,144.0,38,18
231.0,144.0,38,18
232.0,144.0,38,18
232.0,144.0,38,18
233.0,144.0,38,18
233.0,145.0,38,18
233.0,145.0,38,18
233.0,146.0,38,18
233.0,146.0,38,18
233.0,146.0,38,18
234.0,146.0,38,18
233.0,147.0,38,18
233.0,147.0,38,18
233.0,147.0,38,18
233.0,148.0,38,18
233.0,148.0,38,18
233.0,148.0,38,18
234.0,148.0,38,18
234.0,148.0,38,18
234.0,148.0,38,18
234.0,149.0,38,18
233.0,149.0,38,18
234.0,148.0,38,18
233.0,148.0,38,18
233.0,148.0,38,18
233.0,148.0,38,18
234.0,148.0,38,18
234.0,148.0,38,18
233.0,148.0,38,18
233.0,148.0,38,18
233.0,148.0,38,18
232.0,148.0,38,18
232.0,148.0,38,18
232.0,148.0,38,18
232.0,148.0,38,18
232.0,148.0,38,18
232.0,148.0,38,18
232.0,148.0,38,18
233.0,148.0,38,18
233.0,149.0,38,18
232.0,150.0,38,18
232.0,150.0,38,18
233.0,150.0,38,18
233.0,150.0,38,18
233.0,151.0,38,18
232.0,151.0,38,18
232.0,151.0,38,18
232.0,151.0,38,18
232.0,151.0,38,18
232.0,151.0,38,18
232.0,151.0,38,18
232.0,152.0,38,18
232.0,152.0,38,18
232.0,152.0,38,18
232.0,152.0,38,18
233.0,152.0,38,18
233.0,152.0,38,18
233.0,152.0,38,18
233.0,152.0,38,18
233.0,152.0,38,18
233.0,152.0,38,18
233.0,152.0,38,18
234.0,152.0,38,18
234.0,152.0,38,18
234.0,152.0,38,18
234.0,152.0,38,18
234.0,152.0,38,18
234.0,152.0,38,18
235.0,152.0,38,18
235.0,152.0,38,18
235.0,152.0,38,18
236.0,152.0,38,18
236.0,152.0,38,18
236.0,152.0,38,18
237.0,152.0,38,18
237.0,152.0,38,18
237.0,152.0,38,18
238.0,152.0,38,18
238.0,152.0,38,18
239.0,152.0,38,18
240.0,152.0,38,18
240.0,152.0,38,18
240.0,153.0,38,18
240.0,153.0,38,18
240.0,154.0,38,18
240.0,154.0,38,18
240.0,154.0,38,18
240.0,154.0,38,18
241.0,154.0,38,18
241.0,154.0,38,18
242.0,154.0,38,18
242.0,154.0,38,18
243.0,154.0,38,18
243.0,154.0,38,18
244.0,154.0,38,18
244.0,155.0,38,18
244.0,155.0,38,18
245.0,155.0,38,18
245.0,156.0,38,18
245.0,156.0,38,18
246.0,156.0,38,18
246.0,156.0,38,18
246.0,156.0,38,18
246.0,156.0,38,18
247.0,156.0,38,18
247.0,157.0,38,18
247.0,158.0,38,18
248.0,158.0,38,18
249.0,158.0,38,18
249.0,159.0,38,18
250.0,159.0,38,18
250.0,160.0,38,18
251.0,160.0,38,18
251.0,160.0,38,18
252.0,160.0,38,18
252.0,160.0,38,18
253.0,161.0,38,18
253.0,161.0,38,18
253.0,162.0,38,18
253.0,162.0,38,18
254.0,162.0,38,18
254.0,162.0,38,18
255.0,162.0,38,18
256.0,162.0,38,18
256.0,162.0,38,18
257.0,162.0,38,18
257.0,162.0,38,18
257.0,162.0,38,18
258.0,162.0,38,18
258.0,162.0,38,18
260.0,162.0,38,18
260.0,163.0,38,18
261.0,163.0,38,18
262.0,164.0,38,18
262.0,164.0,38,18
263.0,164.0,38,18
263.0,164.0,38,18
263.0,164.0,38,18
263.0,164.0,38,18
263.0,164.0,38,18
263.0,165.0,38,18
264.0,165.0,38,18
264.0,165.0,38,18
265.0,166.0,38,18
265.0,166.0,38,18
266.0,166.0,38,18
266.0,166.0,38,18
267.0,166.0,38,18
267.0,166.0,38,18
267.0,167.0,38,18
267.0,167.0,38,18
268.0,167.0,38,18
268.0,167.0,38,18
269.0,167.0,38,18
270.0,167.0,38,18
270.0,167.0,38,18
271.0,167.0,38,18
271.0,167.0,38,18
272.0,167.0,38,18
272.0,167.0,38,18
273.0,167.0,38,18
273.0,168.0,38,18
273.0,168.0,38,18
274.0,168.0,38,18
275.0,168.0,38,18
275.0,168.0,38,18
276.0,168.0,38,18
277.0,167.0,38,18
278.0,167.0,38,18
279.0,167.0,38,18
280.0,167.0,38,18
281.0,167.0,38,18
281.0,167.0,38,18
282.0,167.0,38,18
283.0,166.0,38,18
284.0,166.0,38,18
284.0,166.0,38,18
284.0,167.0,38,18
284.0,167.0,38,18
285.0,168.0,38,18
285.0,168.0,38,18
286.0,168.0,38,18
287.0,168.0,38,18
287.0,168.0,38,18
288.0,168.0,38,18
289.0,167.0,38,18
290.0,167.0,38,18
290.0,167.0,38,18
291.0,168.0,38,18
291.0,168.0,38,18
292.0,168.0,38,18
292.0,168.0,38,18
292.0,168.0,38,18
293.0,168.0,38,18
293.0,168.0,38,18
293.0,168.0,38,18
293.0,168.0,38,18
293.0,168.0,38,18
293.0,168.0,38,18
293.0,168.0,38,18
293.0,168.0,38,18
294.0,168.0,38,18
294.0,168.0,38,18
294.0,167.0,38,18
295.0,166.0,38,18
295.0,166.0,38,18
295.0,166.0,38,18
295.0,165.0,38,18
295.0,164.0,38,18
294.0,164.0,38,18
294.0,164.0,38,18
294.0,164.0,38,18
294.0,163.0,38,18
294.0,162.0,38,18
293.0,162.0,38,18
293.0,162.0,38,18
293.0,161.0,38,18
293.0,160.0,38,18
292.0,160.0,38,18
292.0,160.0,38,18
292.0,159.0,38,18
292.0,159.0,38,18
291.0,158.0,38,18
290.0,158.0,38,18
290.0,157.0,38,18
289.0,156.0,38,18
288.0,156.0,38,18
288.0,156.0,38,18
287.0,155.0,38,18
286.0,154.0,38,18
285.0,154.0,38,18
285.0,154.0,38,18
284.0,154.0,38,18
283.0,153.0,38,18
282.0,153.0,38,18
281.0,153.0,38,18
280.0,153.0,38,18
278.0,152.0,38,18
277.0,152.0,38,18
276.0,151.0,38,18
275.0,150.0,38,18
274.0,150.0,38,18
273.0,150.0,38,18
272.0,150.0,38,18
271.0,150.0,38,18
270.0,150.0,38,18
269.0,150.0,38,18
268.0,150.0,38,18
267.0,149.0,38,18
266.0,148.0,38,18
264.0,148.0,38,18
262.0,148.0,38,18
261.0,148.0,38,18
260.0,148.0,38,18
258.0,148.0,38,18
256.0,148.0,38,18
255.0,147.0,38,18
254.0,146.0,38,18
252.0,146.0,38,18
250.0,146.0,38,18
249.0,146.0,38,18
247.0,145.0,38,18
245.0,144.0,38,18
243.0,144.0,38,18
242.0,144.0,38,18
241.0,143.0,38,18
239.0,142.0,38,18
237.0,142.0,38,18
236.0,142.0,38,18
234.0,142.0,38,18
233.0,142.0,38,18
231.0,142.0,38,18
230.0,141.0,38,18
229.0,140.0,38,18
228.0,140.0,38,18
226.0,140.0,38,18
225.0,139.0,38,18
224.0,138.0,38,18
223.0,138.0,38,18
222.0,138.0,38,18
221.0,138.0,38,18
221.0,138.0,38,18
220.0,139.0,38,18
219.0,140.0,38,18
219.0,139.0,38,18
218.0,139.0,38,18
217.0,140.0,38,18
216.0,140.0,38,18
216.0,140.0,38,18
215.0,140.0,38,18
214.0,142.0,38,18
213.0,142.0,38,18
213.0,142.0,38,18
212.0,142.0,38,18
211.0,142.0,38,18
211.0,142.0,38,18
210.0,141.0,38,18
209.0,141.0,38,18
209.0,140.0,38,18
208.0,140.0,38,18
208.0,140.0,38,18
207.0,140.0,38,18
207.0,139.0,38,18
206.0,138.0,38,18
206.0,138.0,38,18
205.0,138.0,38,18
205.0,136.0,38,18
204.0,136.0,38,18
204.0,135.0,38,18
203.0,134.0,38,18
203.0,134.0,38,18
202.0,134.0,38,18
202.0,132.0,38,18
202.0,132.0,38,18
202.0,132.0,38,18
202.0,132.0,38,18
201.0,132.0,38,18
200.0,132.0,38,18
200.0,131.0,38,18
200.0,130.0,38,18
199.0,130.0,38,18
199.0,130.0,38,18
199.0,130.0,38,18
198.0,130.0,38,18
198.0,130.0,38,18
197.0,130.0,38,18
196.0,130.0,38,18
195.0,130.0,38,18
195.0,129.0,38,18
195.0,128.0,38,18
195.0,128.0,38,18
195.0,128.0,38,18
196.0,128.0,38,18
196.0,128.0,38,18
196.0,128.0,38,18
196.0,128.0,38,18
196.0,128.0,38,18
197.0,128.0,38,18
197.0,128.0,38,18
196.0,128.0,38,18
196.0,128.0,38,18
195.0,128.0,38,18
195.0,128.0,38,18
195.0,128.0,38,18
194.0,127.0,38,18
194.0,126.0,38,18
194.0,126.0,38,18
194.0,126.0,38,18
194.0,126.0,38,18
194.0,126.0,38,18
194.0,126.0,38,18
195.0,124.0,38,18
195.0,124.0,38,18
196.0,124.0,38,18
196.0,124.0,38,18
197.0,124.0,38,18
197.0,124.0,38,18
198.0,124.0,38,18
198.0,124.0,38,18
198.0,124.0,38,18
198.0,124.0,38,18
198.0,122.0,38,18
199.0,122.0,38,18
199.0,122.0,38,18
199.0,121.0,38,18
200.0,120.0,38,18
200.0,120.0,38,18
200.0,120.0,38,18
200.0,120.0,38,18
200.0,120.0,38,18
201.0,118.0,38,18
201.0,118.0,38,18
201.0,118.0,38,18
201.0,118.0,38,18
202.0,116.0,38,18
202.0,116.0,38,18
202.0,116.0,38,18
203.0,114.0,38,18
203.0,114.0,38,18
204.0,112.0,38,18
205.0,112.0,38,18
206.0,110.0,38,18
207.0,110.0,38,18
208.0,108.0,38,18
209.0,108.0,38,18
210.0,107.0,38,18
211.0,106.0,38,18
212.0,106.0,38,18
213.0,106.0,38,18
213.0,106.0,38,18
213.0,107.0,38,18
213.0,108.0,38,18
214.0,108.0,38,18
214.0,108.0,38,18
214.0,107.0,38,18
214.0,107.0,38,18
214.0,106.0,38,18
214.0,106.0,38,18
214.0,106.0,38,18
213.0,106.0,38,18
213.0,106.0,38,18
212.0,106.0,38,18
212.0,104.0,38,18
211.0,104.0,38,18
211.0,104.0,38,18
210.0,104.0,38,18
209.0,104.0,38,18
209.0,104.0,38,18
209.0,104.0,38,18
209.0,104.0,38,18
209.0,104.0,38,18
209.0,105.0,38,18
209.0,106.0,38,18
209.0,106.0,38,18
208.0,106.0,38,18
208.0,106.0,38,18
207.0,106.0,38,18
206.0,106.0,38,18
206.0,108.0,38,18
205.0,108.0,38,18
205.0,110.0,38,18
204.0,111.0,38,18
203.0,112.0,38,18
203.0,113.0,38,18
202.0,114.0,38,18
202.0,114.0,38,18
202.0,113.0,38,18
202.0,113.0,38,18
202.0,113.0,38,18
202.0,113.0,38,18
202.0,113.0,38,18
202.0,113.0,38,18
202.0,113.0,38,18
202.0,113.0,38,18
203.0,113.0,38,18
203.0,113.0,38,18
202.0,113.0,38,18
202.0,113.0,38,18
202.0,113.0,38,18
202.0,113.0,38,18
202.0,112.0,38,18
202.0,111.0,38,18
202.0,111.0,38,18
202.0,111.0,38,18
202.0,111.0,38,18
202.0,111.0,38,18
202.0,111.0,38,18
201.0,111.0,38,18
201.0,111.0,38,18
200.0,111.0,38,18
200.0,111.0,38,18
200.0,111.0,38,18
200.0,111.0,38,18
200.0,111.0,38,18
199.0,111.0,38,18
199.0,111.0,38,18
200.0,110.0,38,18
199.0,110.0,38,18
200.0,109.0,38,18
200.0,109.0,38,18
200.0,108.0,38,18
200.0,108.0,38,18
200.0,107.0,38,18
200.0,107.0,38,18
200.0,107.0,38,18
200.0,108.0,38,18
199.0,108.0,38,18
200.0,108.0,38,18
199.0,107.0,38,18
200.0,107.0,38,18
200.0,105.0,38,18
200.0,105.0,38,18
200.0,105.0,38,18
200.0,105.0,38,18
200.0,105.0,38,18
200.0,104.0,38,18
200.0,104.0,38,18
200.0,104.0,38,18
200.0,104.0,38,18
199.0,106.0,38,18
198.0,107.0,38,18
198.0,107.0,38,18
198.0,109.0,38,18
198.0,109.0,38,18
198.0,108.0,38,18
197.0,110.0,38,18
197.0,111.0,38,18
197.0,111.0,38,18
196.0,111.0,38,18
196.0,110.0,38,18
196.0,112.0,38,18
195.0,113.0,38,18
195.0,113.0,38,18
195.0,113.0,38,18
195.0,113.0,38,18
195.0,112.0,38,18
195.0,112.0,38,18
195.0,112.0,38,18
195.0,113.0,38,18
194.0,114.0,38,18
194.0,113.0,38,18
194.0,113.0,38,18
195.0,113.0,38,18
195.0,114.0,38,18
195.0,114.0,38,18
195.0,113.0,38,18
196.0,113.0,38,18
196.0,112.0,38,18
196.0,112.0,38,18
197.0,111.0,38,18
197.0,110.0,38,18
197.0,110.0,38,18
198.0,110.0,38,18
198.0,110.0,38,18
198.0,109.0,38,18
198.0,109.0,38,18
198.0,108.0,38,18
198.0,108.0,38,18
198.0,108.0,38,18
199.0,108.0,38,18
210.0,102.0,38,18
200.0,110.0,38,18
200.0,112.0,38,18
201.0,112.0,38,18
202.0,112.0,38,18
204.0,112.0,38,18
205.0,112.0,38,18
206.0,112.0,38,18
207.0,112.0,38,18
208.0,112.0,38,18
210.0,112.0,38,18
212.0,114.0,38,18
213.0,114.0,38,18
213.0,114.0,38,18
215.0,114.0,38,18
215.0,116.0,38,18
215.0,116.0,38,18
215.0,118.0,38,18
215.0,117.0,38,18
214.0,116.0,38,18
213.0,116.0,38,18
212.0,116.0,38,18
211.0,116.0,38,18
211.0,116.0,38,18
210.0,116.0,38,18
210.0,114.0,38,18
211.0,114.0,38,18
211.0,114.0,38,18
212.0,112.0,38,18
213.0,112.0,38,18
213.0,112.0,38,18
214.0,113.0,38,18
214.0,114.0,38,18
215.0,114.0,38,18
215.0,114.0,38,18
215.0,114.0,38,18
214.0,116.0,38,18
214.0,116.0,38,18
214.0,116.0,38,18
215.0,118.0,38,18
215.0,120.0,38,18
215.0,120.0,38,18
215.0,121.0,38,18
214.0,122.0,38,18
214.0,122.0,38,18
213.0,123.0,38,18
213.0,123.0,38,18
214.0,122.0,38,18
214.0,122.0,38,18
215.0,123.0,38,18
216.0,123.0,38,18
216.0,123.0,38,18
217.0,123.0,38,18
217.0,123.0,38,18
216.0,122.0,38,18
215.0,121.0,38,18
215.0,121.0,38,18
215.0,121.0,38,18
215.0,121.0,38,18
215.0,121.0,38,18
215.0,119.0,38,18
215.0,119.0,38,18
215.0,117.0,38,18
215.0,117.0,38,18
214.0,117.0,38,18
214.0,117.0,38,18
214.0,117.0,38,18
214.0,117.0,38,18
215.0,118.0,38,18
215.0,119.0,38,18
216.0,119.0,38,18
217.0,119.0,38,18
218.0,119.0,38,18
218.0,119.0,38,18
219.0,119.0,38,18
219.0,119.0,38,18
220.0,119.0,38,18
220.0,120.0,38,18
221.0,120.0,38,18
221.0,120.0,38,18
222.0,119.0,38,18
222.0,118.0,38,18
222.0,118.0,38,18
223.0,117.0,38,18
223.0,116.0,38,18
223.0,116.0,38,18
224.0,116.0,38,18
224.0,116.0,38,18
224.0,116.0,38,18
226.0,114.0,38,18
227.0,114.0,38,18
228.0,114.0,38,18
229.0,114.0,38,18
231.0,114.0,38,18
233.0,113.0,38,18
234.0,112.0,38,18
236.0,112.0,38,18
237.0,112.0,38,18
238.0,112.0,38,18
239.0,111.0,38,18
239.0,110.0,38,18
239.0,110.0,38,18
238.0,110.0,38,18
237.0,110.0,38,18
238.0,108.0,38,18
237.0,109.0,38,18
238.0,109.0,38,18
239.0,108.0,38,18
240.0,107.0,38,18
241.0,106.0,38,18
241.0,106.0,38,18
241.0,106.0,38,18
241.0,106.0,38,18
241.0,106.0,38,18
242.0,106.0,38,18
242.0,106.0,38,18
242.0,106.0,38,18
242.0,106.0,38,18
241.0,107.0,38,18
240.0,108.0,38,18
240.0,110.0,38,18
240.0,110.0,38,18
241.0,111.0,38,18
242.0,110.0,38,18
243.0,110.0,38,18
243.0,110.0,38,18
243.0,110.0,38,18
243.0,109.0,38,18
243.0,108.0,38,18
242.0,109.0,38,18
241.0,109.0,38,18
241.0,108.0,38,18
240.0,108.0,38,18
240.0,108.0,38,18
240.0,109.0,38,18
241.0,109.0,38,18
242.0,109.0,38,18
242.0,109.0,38,18
241.0,111.0,38,18
240.0,113.0,38,18
237.0,115.0,38,18
234.0,116.0,38,18
231.0,116.0,38,18
228.0,115.0,38,18
225.0,115.0,38,18
223.0,115.0,38,18
222.0,114.0,38,18
221.0,113.0,38,18
220.0,114.0,38,18
219.0,114.0,38,18
218.0,115.0,38,18
218.0,115.0,38,18
218.0,115.0,38,18
216.0,115.0,38,18
215.0,115.0,38,18
215.0,114.0,38,18
213.0,114.0,38,18
211.0,115.0,38,18
209.0,116.0,38,18
207.0,117.0,38,18
205.0,117.0,38,18
205.0,118.0,38,18
204.0,119.0,38,18
204.0,120.0,38,18
204.0,120.0,38,18
204.0,118.0,38,18
204.0,116.0,38,18
204.0,114.0,38,18
204.0,110.0,38,18
204.0,106.0,38,18
203.0,102.0,38,18
202.0,99.0,38,18
200.0,96.0,38,18
198.0,94.0,38,18
197.0,91.0,38,18
196.0,89.0,38,18
197.0,88.0,38,18
198.0,87.0,38,18
200.0,86.0,38,18
202.0,86.0,38,18
203.0,87.0,38,18
204.0,90.0,38,18
206.0,92.0,38,18
208.0,94.0,38,18
211.0,95.0,38,18
213.0,97.0,38,18
214.0,99.0,38,18
214.0,100.0,38,18
215.0,98.0,38,18
215.0,96.0,38,18
216.0,93.0,38,18
215.0,92.0,38,18
215.0,90.0,38,18
215.0,88.0,38,18
217.0,86.0,38,18
219.0,86.0,38,18
221.0,85.0,38,18
223.0,85.0,38,18
224.0,86.0,38,18
223.0,89.0,38,18
221.0,91.0,38,18
219.0,92.0,38,18
216.0,94.0,38,18
214.0,97.0,38,18
213.0,99.0,38,18
211.0,101.0,38,18
211.0,103.0,38,18
212.0,103.0,38,18
213.0,102.0,38,18
215.0,101.0,38,18
217.0,100.0,38,18
218.0,97.0,38,18
218.0,94.0,38,18
217.0,92.0,38,18
215.0,92.0,38,18
213.0,92.0,38,18
212.0,92.0,38,18
212.0,91.0,38,18
211.0,91.0,38,18
211.0,92.0,38,18
210.0,92.0,38,18
210.0,92.0,38,18
210.0,94.0,38,18
210.0,94.0,38,18
211.0,96.0,38,18
212.0,97.0,38,18
213.0,98.0,38,18
215.0,98.0,38,18
216.0,98.0,38,18
216.0,99.0,38,18
216.0,100.0,38,18
217.0,98.0,38,18
218.0,98.0,38,18
219.0,99.0,38,18
219.0,101.0,38,18
219.0,103.0,38,18
219.0,104.0,38,18
219.0,104.0,38,18
218.0,104.0,38,18
217.0,104.0,38,18
216.0,104.0,38,18
216.0,104.0,38,18
216.0,104.0,38,18
217.0,103.0,38,18
219.0,102.0,38,18
222.0,100.0,38,18
225.0,100.0,38,18
229.0,98.0,38,18
233.0,98.0,38,18
237.0,97.0,38,18
241.0,96.0,38,18
244.0,96.0,38,18
245.0,96.0,38,18
247.0,96.0,38,18
248.0,96.0,38,18
249.0,96.0,38,18
249.0,98.0,38,18
248.0,100.0,38,18
248.0,102.0,38,18
249.0,102.0,38,18
249.0,104.0,38,18
250.0,104.0,38,18
251.0,104.0,38,18
252.0,104.0,38,18
253.0,103.0,38,18
254.0,102.0,38,18
254.0,102.0,38,18
254.0,102.0,38,18
253.0,102.0,38,18
252.0,102.0,38,18
251.0,102.0,38,18
250.0,102.0,38,18
249.0,104.0,38,18
248.0,104.0,38,18
248.0,104.0,38,18
248.0,104.0,38,18
247.0,104.0,38,18
247.0,104.0,38,18
247.0,102.0,38,18
248.0,101.0,38,18
250.0,100.0,38,18
252.0,98.0,38,18
253.0,97.0,38,18
255.0,96.0,38,18
256.0,96.0,38,18
257.0,95.0,38,18
258.0,94.0,38,18
258.0,94.0,38,18
257.0,94.0,38,18
257.0,94.0,38,18
256.0,93.0,38,18
257.0,92.0,38,18
258.0,92.0,38,18
258.0,91.0,38,18
258.0,91.0,38,18
258.0,92.0,38,18
259.0,92.0,38,18
260.0,91.0,38,18
262.0,90.0,38,18
264.0,89.0,38,18
265.0,89.0,38,18
265.0,89.0,38,18
265.0,89.0,38,18
265.0,88.0,38,18
263.0,89.0,38,18
262.0,88.0,38,18
262.0,88.0,38,18
261.0,88.0,38,18
260.0,90.0,38,18
259.0,90.0,38,18
258.0,91.0,38,18
258.0,90.0,38,18
258.0,90.0,38,18
258.0,90.0,38,18
258.0,90.0,38,18
260.0,90.0,38,18
261.0,91.0,38,18
264.0,91.0,38,18
266.0,91.0,38,18
269.0,91.0,38,18
273.0,91.0,38,18
275.0,92.0,38,18
278.0,92.0,38,18
280.0,91.0,38,18
281.0,91.0,38,18
284.0,88.0,38,18
286.0,86.0,38,18
287.0,86.0,38,18
288.0,84.0,38,18
289.0,84.0,38,18
291.0,82.0,38,18
292.0,82.0,38,18
291.0,83.0,38,18
291.0,83.0,38,18
292.0,83.0,38,18
292.0,83.0,38,18
293.0,83.0,38,18
294.0,83.0,38,18
295.0,82.0,38,18
296.0,82.0,38,18
297.0,83.0,38,18
297.0,84.0,38,18
296.0,84.0,38,18
294.0,85.0,38,18
291.0,86.0,38,18
288.0,86.0,38,18
286.0,86.0,38,18
283.0,85.0,38,18
282.0,85.0,38,18
280.0,88.0,38,18
280.0,87.0,38,18
279.0,90.0,38,18
280.0,89.0,38,18
281.0,90.0,38,18
281.0,91.0,38,18
282.0,93.0,38,18
283.0,93.0,38,18
284.0,94.0,38,18
284.0,95.0,38,18
284.0,97.0,38,18
285.0,99.0,38,18
286.0,98.0,38,18
285.0,101.0,38,18
285.0,100.0,38,18
286.0,100.0,38,18
287.0,100.0,38,18
285.0,101.0,38,18
286.0,99.0,38,18
286.0,99.0,38,18
286.0,97.0,38,18
285.0,97.0,38,18
286.0,94.0,38,18
286.0,92.0,38,18
284.0,92.0,38,18
284.0,91.0,38,18
284.0,88.0,38,18
284.0,86.0,38,18
284.0,85.0,38,18
285.0,84.0,38,18
285.0,82.0,38,18
285.0,82.0,38,18
285.0,80.0,38,18
285.0,80.0,38,18
285.0,80.0,38,18
285.0,79.0,38,18
285.0,79.0,38,18
285.0,79.0,38,18
285.0,79.0,38,18
285.0,79.0,38,18
284.0,78.0,38,18
283.0,77.0,38,18
283.0,77.0,38,18
283.0,77.0,38,18