347,58,103,251
344.0,56.0,104,252
344.0,56.0,104,252
340.0,56.0,104,252
338.0,56.0,104,252
332.0,58.0,104,252
328.0,58.0,104,252
322.0,60.0,104,252
318.0,60.0,104,252
312.0,62.0,104,252
310.0,62.0,104,252
304.0,64.0,104,252
302.0,64.0,104,252
300.0,64.0,104,252
308.0,56.0,104,252
310.0,54.0,104,252
310.0,50.0,104,252
310.0,48.0,104,252
310.0,46.0,104,252
262.0,82.0,104,252
304.0,46.0,104,252
324.0,0,104,252
312.0,46.0,104,252
332.0,0,104,252
322.0,48.0,104,252
322.0,46.0,104,252
326.0,44.0,104,252
328.0,42.0,104,252
332.0,36.0,104,252
338.0,34.0,104,252
290.0,0,104,252
276.0,0,104,252
274.0,60.0,104,252
268.0,58.0,104,252
260.0,56.0,104,252
258.0,56.0,104,252
252.0,56.0,104,252
250.0,58.0,104,252
254.0,62.0,104,252
252.0,62.0,104,252
250.0,64.0,104,252
246.0,64.0,104,252
270.0,82.0,104,252
290.0,166.0,104,252
282.0,80.0,104,252
282.0,78.0,104,252
280.0,76.0,104,252
282.0,76.0,104,252
278.0,74.0,104,252
276.0,74.0,104,252
276.0,72.0,104,252
276.0,70.0,104,252
284.0,66.0,104,252
290.0,66.0,104,252
296.0,62.0,104,252
300.0,60.0,104,252
308.0,64.0,104,252
310.0,66.0,104,252
304.0,66.0,104,252
304.0,66.0,104,252
306.0,68.0,104,252
306.0,66.0,104,252
302.0,62.0,104,252
302.0,62.0,104,252
304.0,60.0,104,252
304.0,60.0,104,252
300.0,56.0,104,252
296.0,54.0,104,252
290.0,48.0,104,252
286.0,48.0,104,252
278.0,48.0,104,252
272.0,48.0,104,252
268.0,56.0,104,252
268.0,58.0,104,252
266.0,58.0,104,252
264.0,60.0,104,252
258.0,62.0,104,252
252.0,64.0,104,252
244.0,66.0,104,252
240.0,66.0,104,252
236.0,62.0,104,252
236.0,60.0,104,252
238.0,56.0,104,252
242.0,52.0,104,252
270.0,0,104,252
258.0,50.0,104,252
266.0,54.0,104,252
272.0,58.0,104,252
276.0,56.0,104,252
278.0,56.0,104,252
280.0,60.0,104,252
280.0,62.0,104,252
278.0,64.0,104,252
278.0,64.0,104,252
278.0,66.0,104,252
280.0,66.0,104,252
284.0,66.0,104,252
288.0,68.0,104,252
292.0,66.0,104,252
292.0,64.0,104,252
296.0,62.0,104,252
298.0,60.0,104,252
300.0,56.0,104,252
286.0,82.0,104,252
290.0,50.0,104,252
286.0,48.0,104,252
276.0,48.0,104,252
270.0,48.0,104,252
268.0,50.0,104,252
268.0,48.0,104,252
264.0,46.0,104,252
260.0,44.0,104,252
254.0,42.0,104,252
254.0,42.0,104,252
254.0,40.0,104,252
254.0,38.0,104,252
260.0,30.0,104,252
262.0,28.0,104,252
268.0,30.0,104,252
272.0,32.0,104,252
278.0,32.0,104,252
282.0,32.0,104,252
286.0,32.0,104,252
290.0,34.0,104,252
292.0,32.0,104,252
294.0,32.0,104,252
300.0,30.0,104,252
304.0,32.0,104,252
308.0,32.0,104,252
308.0,32.0,104,252
310.0,32.0,104,252
310.0,32.0,104,252
310.0,32.0,104,252
316.0,30.0,104,252
322.0,26.0,104,252
324.0,24.0,104,252
324.0,20.0,104,252
322.0,16.0,104,252
312.0,10.0,104,252
306.0,10.0,104,252
294.0,16.0,104,252
292.0,16.0,104,252
288.0,12.0,104,252
286.0,10.0,104,252
286.0,10.0,104,252
284.0,8.0,104,252
266.0,16.0,104,252
256.0,20.0,104,252
250.0,18.0,104,252
246.0,16.0,104,252
244.0,12.0,104,252
244.0,10.0,104,252
236.0,82.0,104,252
236.0,82.0,104,252
236.0,82.0,104,252
236.0,82.0,104,252
236.0,82.0,104,252
242.0,80.0,104,252
246.0,78.0,104,252
248.0,76.0,104,252
250.0,70.0,104,252
252.0,68.0,104,252
256.0,62.0,104,252
258.0,60.0,104,252
264.0,56.0,104,252
268.0,52.0,104,252
278.0,46.0,104,252
282.0,44.0,104,252
286.0,40.0,104,252
288.0,38.0,104,252
298.0,26.0,104,252
300.0,22.0,104,252
298.0,20.0,104,252
294.0,20.0,104,252
288.0,22.0,104,252
308.0,82.0,104,252
294.0,18.0,104,252
296.0,16.0,104,252
298.0,16.0,104,252
302.0,12.0,104,252
304.0,10.0,104,252
306.0,8.0,104,252
304.0,8.0,104,252
302.0,6.0,104,252
300.0,6.0,104,252
300.0,4.0,104,252
302.0,2.0,104,252
300.0,0.0,104,252
298.0,0.0,104,252
284.0,82.0,104,252
304.0,82.0,104,252
314.0,0,104,252
266.0,0,104,252
252.0,0,104,252
260.0,14.0,104,252
256.0,16.0,104,252
254.0,18.0,104,252
250.0,22.0,104,252
248.0,24.0,104,252
246.0,26.0,104,252
244.0,28.0,104,252
242.0,32.0,104,252
240.0,36.0,104,252
236.0,44.0,104,252
238.0,46.0,104,252
238.0,52.0,104,252
238.0,54.0,104,252
238.0,58.0,104,252
238.0,60.0,104,252
236.0,64.0,104,252
236.0,64.0,104,252
238.0,66.0,104,252
240.0,66.0,104,252
242.0,72.0,104,252
242.0,76.0,104,252
244.0,82.0,104,252
246.0,86.0,104,252
248.0,92.0,104,252
248.0,96.0,104,252
248.0,104.0,104,252
248.0,108.0,104,252
248.0,110.0,104,252
244.0,96.0,104,252
246.0,94.0,104,252
246.0,96.0,104,252
250.0,96.0,104,252
252.0,94.0,104,252
258.0,94.0,104,252
260.0,92.0,104,252
268.0,92.0,104,252
270.0,92.0,104,252
272.0,92.0,104,252
270.0,94.0,104,252
266.0,96.0,104,252
264.0,98.0,104,252
260.0,104.0,104,252
258.0,104.0,104,252
254.0,100.0,104,252
252.0,100.0,104,252
252.0,98.0,104,252
252.0,100.0,104,252
252.0,84.0,104,252
252.0,88.0,104,252
246.0,92.0,104,252
242.0,92.0,104,252
238.0,96.0,104,252
238.0,98.0,104,252
234.0,94.0,104,252
236.0,94.0,104,252
238.0,92.0,104,252
252.0,94.0,104,252
260.0,90.0,104,252
264.0,92.0,104,252
272.0,94.0,104,252
276.0,94.0,104,252
284.0,94.0,104,252
286.0,94.0,104,252
286.0,94.0,104,252
284.0,94.0,104,252
284.0,102.0,104,252
286.0,108.0,104,252
282.0,122.0,104,252
278.0,118.0,104,252
270.0,108.0,104,252
264.0,104.0,104,252
256.0,102.0,104,252
252.0,102.0,104,252
246.0,100.0,104,252
244.0,100.0,104,252
240.0,100.0,104,252
238.0,102.0,104,252
230.0,104.0,104,252
226.0,106.0,104,252
218.0,110.0,104,252
216.0,112.0,104,252
212.0,116.0,104,252
210.0,118.0,104,252
210.0,118.0,104,252
210.0,118.0,104,252
214.0,114.0,104,252
214.0,114.0,104,252
218.0,116.0,104,252
220.0,118.0,104,252
202.0,186.0,104,252
204.0,188.0,104,252
204.0,188.0,104,252
204.0,186.0,104,252
206.0,180.0,104,252
204.0,180.0,104,252
208.0,178.0,104,252
248.0,120.0,104,252
256.0,112.0,104,252
260.0,110.0,104,252
264.0,108.0,104,252
268.0,106.0,104,252
274.0,108.0,104,252
278.0,114.0,104,252
276.0,112.0,104,252
274.0,114.0,104,252
270.0,120.0,104,252
272.0,118.0,104,252
276.0,120.0,104,252
278.0,122.0,104,252
282.0,130.0,104,252
282.0,130.0,104,252
280.0,126.0,104,252
278.0,124.0,104,252
276.0,118.0,104,252
274.0,116.0,104,252
250.0,126.0,104,252
242.0,126.0,104,252
238.0,126.0,104,252
227,104,66,171
226,102,73,173
227,101,79,171
229,100,83,175
229,101,82,171
239,95,82,176
235,101,91,169
224,99,106,174
222,94,111,177
227,97,110,174
228,96,110,170
239,95,99,177
243,93,98,182
257,93,82,175
266,91,73,176
274,88,64,182
281,88,55,189
284,79,61,181
285,80,60,191
291,86,42,180
288,88,39,177
288,90,39,179
292,93,32,198
294,95,33,175
295,98,50,184
294,99,49,191
295,104,53,172
293,106,44,182
293,100,52,179
287,103,51,191
286,101,50,175
282,104,43,179
278,100,47,168
277,96,47,179
278,98,43,187
279,97,43,180
286,91,46,196
279,88,51,194
280,98,46,202
284,96,44,192
290,105,39,182
277,107,55,179
273,109,61,184
271,113,58,179
256,110,69,181
262,108,58,178
243,97,68,186
238,86,67,208
233,76,59,214
232,75,57,213
236,70,58,224
223,67,71,225
230,61,62,242
234,66,65,235
238,71,71,229
233,74,79,229
226,78,73,240
235,80,68,233
234,79,71,210
227,81,81,206
238,81,87,211
255,82,82,197
305,78,70,214
314,76,63,220
330,68,53,229
337,72,51,223
345,68,49,230
345,65,64,230
349,72,85,231
352,74,62,222
356,74,53,228
364,71,55,229
356,71,63,232
349,69,81,228
344,67,70,229
351,62,60,240
352,59,47,239
348,54,66,243
351,47,46,249
351,54,42,243
339,51,45,237
286,53,89,238
274,40,90,249
275,42,89,248
270,33,78,256
265,37,88,259
254,33,104,259
252,34,103,249
261,32,99,261
264,39,96,253
262,37,91,249
254,37,99,255
255,38,109,249
243,37,121,259
253,37,125,249
253,36,127,265
273,42,91,246
253,50,109,235
230,58,125,233
219,66,135,225
202,69,140,219
190,70,151,223
182,64,161,233
177,60,161,229
163,57,157,233
149,48,176,241
187,51,129,226
191,53,119,223
203,54,97,230
202,59,81,228
210,64,98,217
211,66,82,235
204,63,83,230
204,65,77,232
188,66,106,225
175,61,113,226
153,61,152,223
190,57,105,235
222,60,82,227
219,70,80,229
228,68,68,220
225,81,89,213
223,78,82,221
212,83,82,214
208,79,77,216
211,80,71,214
217,64,72,234
211,63,77,230
209,70,84,230
204,66,85,226
208,71,82,219
214,76,90,210
217,73,90,227
224,94,91,203
213,99,98,189
211,97,95,197
206,107,89,191
200,108,93,187
201,99,95,192
188,101,101,188
182,98,115,197
197,106,98,201
216,98,80,191
199,104,96,184
207,98,87,197
210,102,80,212
218,101,74,200
216,102,85,200
220,97,81,214
232,79,84,206
248,74,66,226
257,75,61,214
263,69,56,228
256,75,62,218
272,77,51,226
268,84,57,216
272,82,51,226
268,83,65,218
273,90,68,214
279,86,64,220
289,83,45,223
