122,51,51,61
121.0,50.0,51,61
121.0,51.0,51,61
121.0,52.0,51,61
121.0,53.0,51,61
121.0,54.0,51,61
121.0,55.0,51,61
120.0,56.0,51,61
120.0,57.0,51,61
120.0,57.0,51,61
120.0,58.0,51,61
120.0,58.0,51,61
119.0,58.0,51,61
119.0,58.0,51,61
119.0,59.0,51,61
119.0,59.0,51,61
119.0,59.0,51,61
119.0,60.0,51,61
118.0,60.0,51,61
118.0,60.0,51,61
118.0,60.0,51,61
118.0,61.0,51,61
118.0,61.0,51,61
117.0,61.0,51,61
117.0,61.0,51,61
117.0,62.0,51,61
117.0,62.0,51,61
117.0,62.0,51,61
116.0,62.0,51,61
116.0,62.0,51,61
115.0,61.0,51,61
114.0,61.0,51,61
113.0,61.0,51,61
110.0,60.0,51,61
108.0,59.0,51,61
106.0,58.0,51,61
104.0,58.0,51,61
102.0,57.0,51,61
102.0,57.0,51,61
101.0,57.0,51,61
101.0,56.0,51,61
102.0,56.0,51,61
103.0,56.0,51,61
104.0,55.0,51,61
105.0,54.0,51,61
107.0,53.0,51,61
108.0,52.0,51,61
109.0,51.0,51,61
110.0,51.0,51,61
110.0,52.0,51,61
111.0,53.0,51,61
111.0,54.0,51,61
111.0,56.0,51,61
111.0,58.0,51,61
111.0,60.0,51,61
112.0,63.0,51,61
112.0,65.0,51,61
112.0,67.0,51,61
112.0,69.0,51,61
112.0,71.0,51,61
112.0,73.0,51,61
111.0,75.0,51,61
111.0,78.0,51,61
111.0,80.0,51,61
111.0,81.0,51,61
112.0,82.0,51,61
113.0,82.0,51,61
115.0,83.0,51,61
116.0,84.0,51,61
118.0,84.0,51,61
119.0,85.0,51,61
121.0,85.0,51,61
123.0,85.0,51,61
124.0,84.0,51,61
125.0,83.0,51,61
124.0,82.0,51,61
124.0,80.0,51,61
123.0,78.0,51,61
123.0,75.0,51,61
123.0,73.0,51,61
122.0,71.0,51,61
122.0,69.0,51,61
122.0,68.0,51,61
122.0,67.0,51,61
122.0,66.0,51,61
122.0,66.0,51,61
122.0,65.0,51,61
122.0,65.0,51,61
121.0,64.0,51,61
120.0,63.0,51,61
120.0,62.0,51,61
119.0,61.0,51,61
117.0,59.0,51,61
116.0,58.0,51,61
114.0,57.0,51,61
111.0,56.0,51,61
109.0,55.0,51,61
107.0,55.0,51,61
105.0,55.0,51,61
103.0,54.0,51,61
102.0,54.0,51,61
101.0,54.0,51,61
100.0,54.0,51,61
100.0,54.0,51,61
99.0,54.0,51,61
99.0,53.0,51,61
99.0,53.0,51,61
99.0,53.0,51,61
100.0,53.0,51,61
101.0,53.0,51,61
102.0,53.0,51,61
103.0,54.0,51,61
103.0,54.0,51,61
104.0,55.0,51,61
105.0,55.0,51,61
106.0,56.0,51,61
107.0,57.0,51,61
109.0,59.0,51,61
110.0,60.0,51,61
110.0,61.0,51,61
110.0,62.0,51,61
110.0,63.0,51,61
110.0,63.0,51,61
111.0,64.0,51,61
112.0,65.0,51,61
113.0,65.0,51,61
113.0,66.0,51,61
113.0,66.0,51,61
112.0,66.0,51,61
112.0,65.0,51,61
113.0,65.0,51,61
113.0,64.0,51,61
113.0,64.0,51,61
113.0,64.0,51,61
113.0,64.0,51,61
113.0,64.0,51,61
113.0,64.0,51,61
112.0,65.0,51,61
112.0,65.0,51,61
111.0,65.0,51,61
110.0,65.0,51,61
109.0,64.0,51,61
108.0,64.0,51,61
106.0,64.0,51,61
104.0,64.0,51,61
102.0,64.0,51,61
101.0,64.0,51,61
101.0,64.0,51,61
101.0,64.0,51,61
101.0,64.0,51,61
101.0,64.0,51,61
102.0,64.0,51,61
102.0,64.0,51,61
103.0,65.0,51,61
103.0,65.0,51,61
103.0,66.0,51,61
104.0,66.0,51,61
104.0,66.0,51,61
104.0,66.0,51,61
105.0,66.0,51,61
105.0,66.0,51,61
105.0,65.0,51,61
105.0,65.0,51,61
105.0,65.0,51,61
105.0,65.0,51,61
105.0,65.0,51,61
105.0,65.0,51,61
106.0,65.0,51,61
106.0,65.0,51,61
105.0,65.0,51,61
105.0,65.0,51,61
105.0,65.0,51,61
104.0,64.0,51,61
104.0,64.0,51,61
103.0,64.0,51,61
103.0,64.0,51,61
102.0,63.0,51,61
102.0,63.0,51,61
101.0,63.0,51,61
101.0,63.0,51,61
101.0,63.0,51,61
100.0,63.0,51,61
100.0,63.0,51,61
100.0,63.0,51,61
100.0,63.0,51,61
100.0,63.0,51,61
100.0,64.0,51,61
99.0,64.0,51,61
99.0,64.0,51,61
99.0,64.0,51,61
99.0,64.0,51,61
100.0,64.0,51,61
100.0,64.0,51,61
100.0,64.0,51,61
100.0,64.0,51,61
101.0,64.0,51,61
101.0,64.0,51,61
102.0,65.0,51,61
102.0,65.0,51,61
102.0,66.0,51,61
102.0,66.0,51,61
103.0,67.0,51,61
103.0,67.0,51,61
103.0,68.0,51,61
103.0,68.0,51,61
104.0,68.0,51,61
104.0,69.0,51,61
103.0,69.0,51,61
103.0,70.0,51,61
103.0,70.0,51,61
102.0,70.0,51,61
102.0,71.0,51,61
102.0,71.0,51,61
101.0,71.0,51,61
101.0,71.0,51,61
101.0,70.0,51,61
101.0,70.0,51,61
101.0,70.0,51,61
100.0,70.0,51,61
100.0,70.0,51,61
100.0,69.0,51,61
99.0,69.0,51,61
99.0,69.0,51,61
98.0,69.0,51,61
98.0,68.0,51,61
97.0,68.0,51,61
97.0,68.0,51,61
96.0,68.0,51,61
96.0,67.0,51,61
95.0,67.0,51,61
95.0,67.0,51,61
95.0,67.0,51,61
95.0,67.0,51,61
96.0,68.0,51,61
96.0,68.0,51,61
97.0,69.0,51,61
97.0,69.0,51,61
97.0,69.0,51,61
97.0,70.0,51,61
96.0,70.0,51,61
96.0,70.0,51,61
96.0,70.0,51,61
96.0,70.0,51,61
97.0,70.0,51,61
97.0,70.0,51,61
98.0,70.0,51,61
98.0,70.0,51,61
98.0,70.0,51,61
98.0,70.0,51,61
98.0,70.0,51,61
97.0,70.0,51,61
97.0,70.0,51,61
97.0,68.0,51,61
97.0,67.0,51,61
96.0,66.0,51,61
96.0,64.0,51,61
96.0,62.0,51,61
96.0,60.0,51,61
96.0,58.0,51,61
96.0,57.0,51,61
96.0,55.0,51,61
96.0,53.0,51,61
96.0,51.0,51,61
96.0,49.0,51,61
96.0,47.0,51,61
96.0,45.0,51,61
95.0,44.0,51,61
95.0,42.0,51,61
95.0,40.0,51,61
95.0,39.0,51,61
96.0,38.0,51,61
96.0,37.0,51,61
96.0,37.0,51,61
97.0,38.0,51,61
98.0,39.0,51,61
99.0,41.0,51,61
100.0,43.0,51,61
101.0,45.0,51,61
102.0,46.0,51,61
103.0,47.0,51,61
105.0,48.0,51,61
106.0,49.0,51,61
107.0,50.0,51,61
108.0,51.0,51,61
109.0,51.0,51,61
110.0,51.0,51,61
110.0,52.0,51,61
110.0,52.0,51,61
111.0,53.0,51,61
111.0,53.0,51,61
112.0,54.0,51,61
113.0,55.0,51,61
114.0,57.0,51,61
115.0,58.0,51,61
116.0,60.0,51,61
117.0,61.0,51,61
117.0,62.0,51,61
118.0,64.0,51,61
118.0,65.0,51,61
117.0,67.0,51,61
117.0,69.0,51,61
116.0,71.0,51,61
116.0,72.0,51,61
115.0,74.0,51,61
114.0,75.0,51,61
113.0,75.0,51,61
112.0,76.0,51,61
111.0,76.0,51,61
111.0,76.0,51,61
111.0,76.0,51,61
110.0,76.0,51,61
110.0,76.0,51,61
109.0,76.0,51,61
108.0,76.0,51,61
108.0,75.0,51,61
106.0,74.0,51,61
105.0,74.0,51,61
104.0,73.0,51,61
102.0,73.0,51,61
101.0,72.0,51,61
99.0,72.0,51,61
98.0,71.0,51,61
96.0,71.0,51,61
94.0,70.0,51,61
93.0,70.0,51,61
91.0,69.0,51,61
89.0,68.0,51,61
88.0,67.0,51,61
87.0,67.0,51,61
85.0,67.0,51,61
84.0,66.0,51,61
83.0,66.0,51,61
81.0,66.0,51,61
80.0,65.0,51,61
79.0,65.0,51,61
77.0,65.0,51,61
76.0,65.0,51,61
74.0,65.0,51,61
73.0,65.0,51,61
71.0,66.0,51,61
69.0,66.0,51,61
68.0,66.0,51,61
67.0,66.0,51,61
65.0,66.0,51,61
64.0,66.0,51,61
62.0,66.0,51,61
61.0,66.0,51,61
59.0,66.0,51,61
58.0,66.0,51,61
56.0,66.0,51,61
55.0,66.0,51,61
53.0,66.0,51,61
52.0,67.0,51,61
50.0,67.0,51,61
49.0,67.0,51,61
47.0,67.0,51,61
46.0,66.0,51,61
46.0,66.0,51,61
45.0,66.0,51,61
44.0,65.0,51,61
44.0,65.0,51,61
44.0,65.0,51,61
45.0,65.0,51,61
46.0,64.0,51,61
48.0,63.0,51,61
50.0,62.0,51,61
51.0,60.0,51,61
53.0,60.0,51,61
54.0,59.0,51,61
55.0,58.0,51,61
56.0,56.0,51,61
58.0,55.0,51,61
59.0,53.0,51,61
60.0,51.0,51,61
61.0,49.0,51,61
62.0,48.0,51,61
64.0,47.0,51,61
65.0,46.0,51,61
67.0,45.0,51,61
69.0,44.0,51,61
71.0,43.0,51,61
73.0,42.0,51,61
75.0,41.0,51,61
77.0,41.0,51,61
79.0,40.0,51,61
81.0,40.0,51,61
83.0,40.0,51,61
85.0,41.0,51,61
87.0,41.0,51,61
89.0,42.0,51,61
90.0,43.0,51,61
92.0,44.0,51,61
93.0,46.0,51,61
95.0,47.0,51,61
96.0,48.0,51,61
97.0,50.0,51,61
97.0,52.0,51,61
98.0,53.0,51,61
98.0,55.0,51,61
99.0,57.0,51,61
99.0,59.0,51,61
99.0,62.0,51,61
99.0,64.0,51,61
99.0,66.0,51,61
99.0,69.0,51,61
100.0,71.0,51,61
100.0,73.0,51,61
100.0,75.0,51,61
101.0,77.0,51,61
101.0,79.0,51,61
101.0,82.0,51,61
102.0,84.0,51,61
102.0,87.0,51,61
102.0,90.0,51,61
103.0,92.0,51,61
103.0,95.0,51,61
102.0,97.0,51,61
102.0,100.0,51,61
102.0,102.0,51,61
102.0,104.0,51,61
101.0,107.0,51,61
101.0,109.0,51,61
100.0,112.0,51,61
100.0,114.0,51,61
99.0,116.0,51,61
99.0,119.0,51,61
99.0,121.0,51,61
98.0,123.0,51,61
98.0,126.0,51,61
98.0,128.0,51,61
98.0,130.0,51,61
97.0,132.0,51,61
97.0,134.0,51,61
96.0,136.0,51,61
96.0,139.0,51,61
95.0,141.0,51,61
95.0,142.0,51,61
94.0,144.0,51,61
94.0,145.0,51,61
93.0,146.0,51,61
93.0,148.0,51,61
92.0,149.0,51,61
91.0,150.0,51,61
91.0,151.0,51,61
90.0,153.0,51,61
89.0,154.0,51,61
88.0,155.0,51,61
87.0,156.0,51,61
86.0,156.0,51,61
85.0,156.0,51,61
84.0,156.0,51,61
83.0,157.0,51,61
82.0,157.0,51,61
81.0,158.0,51,61
80.0,159.0,51,61
80.0,158.0,51,61
79.0,157.0,51,61
78.0,154.0,51,61
78.0,151.0,51,61
78.0,148.0,51,61
78.0,145.0,51,61
78.0,142.0,51,61
78.0,138.0,51,61
78.0,133.0,51,61
78.0,128.0,51,61
78.0,124.0,51,61
79.0,120.0,51,61
79.0,117.0,51,61
80.0,114.0,51,61
80.0,111.0,51,61
82.0,107.0,51,61
83.0,104.0,51,61
84.0,101.0,51,61
85.0,99.0,51,61
86.0,98.0,51,61
88.0,97.0,51,61
89.0,96.0,51,61
91.0,94.0,51,61
93.0,92.0,51,61
94.0,91.0,51,61
96.0,90.0,51,61
98.0,90.0,51,61
100.0,91.0,51,61
102.0,91.0,51,61
104.0,91.0,51,61
106.0,91.0,51,61
107.0,91.0,51,61
108.0,90.0,51,61
110.0,90.0,51,61
111.0,90.0,51,61
113.0,90.0,51,61
115.0,89.0,51,61
117.0,88.0,51,61
119.0,88.0,51,61
121.0,87.0,51,61
123.0,87.0,51,61
125.0,86.0,51,61
127.0,86.0,51,61
129.0,85.0,51,61
131.0,85.0,51,61
134.0,85.0,51,61
136.0,85.0,51,61
139.0,85.0,51,61
141.0,85.0,51,61
144.0,85.0,51,61
147.0,86.0,51,61
149.0,86.0,51,61
151.0,87.0,51,61
152.0,89.0,51,61
154.0,90.0,51,61
156.0,92.0,51,61
157.0,94.0,51,61
157.0,97.0,51,61
157.0,100.0,51,61
158.0,103.0,51,61
158.0,106.0,51,61
160.0,108.0,51,61
161.0,110.0,51,61
163.0,111.0,51,61
165.0,110.0,51,61
167.0,109.0,51,61
168.0,108.0,51,61
170.0,105.0,51,61
171.0,102.0,51,61
172.0,98.0,51,61
173.0,94.0,51,61
174.0,90.0,51,61
175.0,87.0,51,61
175.0,84.0,51,61
175.0,81.0,51,61
175.0,79.0,51,61
175.0,77.0,51,61
175.0,74.0,51,61
174.0,72.0,51,61
174.0,70.0,51,61
174.0,67.0,51,61
174.0,64.0,51,61
174.0,61.0,51,61
175.0,58.0,51,61
176.0,55.0,51,61
176.0,52.0,51,61
176.0,50.0,51,61
176.0,49.0,51,61
176.0,47.0,51,61
175.0,46.0,51,61
174.0,46.0,51,61
172.0,47.0,51,61
171.0,48.0,51,61
169.0,50.0,51,61
167.0,51.0,51,61
165.0,52.0,51,61
164.0,54.0,51,61
162.0,55.0,51,61
160.0,57.0,51,61
158.0,59.0,51,61
155.0,61.0,51,61
152.0,62.0,51,61
150.0,63.0,51,61
147.0,64.0,51,61
144.0,64.0,51,61
141.0,64.0,51,61
138.0,64.0,51,61
135.0,64.0,51,61
132.0,64.0,51,61
128.0,65.0,51,61
125.0,66.0,51,61
122.0,68.0,51,61
119.0,70.0,51,61
117.0,71.0,51,61
117.0,71.0,51,61
118.0,71.0,51,61
120.0,70.0,51,61
124.0,69.0,51,61
128.0,68.0,51,61
133.0,68.0,51,61
138.0,68.0,51,61
142.0,68.0,51,61
145.0,68.0,51,61
147.0,68.0,51,61
150.0,68.0,51,61
152.0,67.0,51,61
152.0,66.0,51,61
151.0,65.0,51,61
148.0,65.0,51,61
146.0,66.0,51,61
143.0,68.0,51,61
140.0,70.0,51,61
138.0,72.0,51,61
135.0,75.0,51,61
131.0,77.0,51,61
127.0,79.0,51,61
123.0,80.0,51,61
120.0,81.0,51,61
116.0,82.0,51,61
114.0,83.0,51,61
111.0,85.0,51,61
109.0,87.0,51,61
107.0,90.0,51,61
106.0,92.0,51,61
105.0,95.0,51,61
105.0,97.0,51,61
105.0,100.0,51,61
105.0,103.0,51,61
106.0,107.0,51,61
107.0,111.0,51,61
108.0,115.0,51,61
109.0,118.0,51,61
109.0,121.0,51,61
109.0,122.0,51,61
135.0,125.0,51,61
120.0,81.0,51,61
120.0,81.0,51,61
120.0,81.0,51,61
119.0,82.0,51,61
118.0,82.0,51,61
117.0,82.0,51,61
116.0,83.0,51,61
115.0,83.0,51,61
114.0,83.0,51,61
113.0,83.0,51,61
112.0,83.0,51,61
111.0,83.0,51,61
111.0,82.0,51,61
101.0,83.0,51,61
111.0,106.0,51,61
111.0,103.0,51,61
111.0,100.0,51,61
112.0,97.0,51,61
112.0,95.0,51,61
113.0,92.0,51,61
113.0,90.0,51,61
113.0,88.0,51,61
114.0,86.0,51,61
114.0,84.0,51,61
114.0,81.0,51,61
113.0,79.0,51,61
113.0,76.0,51,61
113.0,73.0,51,61
113.0,70.0,51,61
113.0,68.0,51,61
113.0,65.0,51,61
113.0,63.0,51,61
113.0,61.0,51,61
113.0,60.0,51,61
113.0,58.0,51,61
112.0,57.0,51,61
110.0,55.0,51,61
109.0,54.0,51,61
107.0,53.0,51,61
104.0,52.0,51,61
101.0,52.0,51,61
99.0,52.0,51,61
97.0,51.0,51,61
96.0,51.0,51,61
96.0,51.0,51,61
95.0,51.0,51,61
94.0,51.0,51,61
94.0,51.0,51,61
94.0,52.0,51,61
93.0,53.0,51,61
92.0,55.0,51,61
91.0,57.0,51,61
90.0,58.0,51,61
89.0,60.0,51,61
88.0,61.0,51,61
87.0,62.0,51,61
86.0,63.0,51,61
85.0,64.0,51,61
84.0,66.0,51,61
82.0,68.0,51,61
81.0,70.0,51,61
80.0,71.0,51,61
79.0,73.0,51,61
78.0,75.0,51,61
78.0,77.0,51,61
79.0,80.0,51,61
79.0,82.0,51,61
80.0,84.0,51,61
80.0,85.0,51,61
81.0,86.0,51,61
82.0,85.0,51,61
83.0,82.0,51,61
85.0,79.0,51,61
87.0,75.0,51,61
90.0,71.0,51,61
92.0,68.0,51,61
95.0,64.0,51,61
98.0,61.0,51,61
101.0,59.0,51,61
104.0,56.0,51,61
107.0,54.0,51,61
110.0,51.0,51,61
111.0,50.0,51,61
112.0,49.0,51,61
113.0,48.0,51,61
113.0,48.0,51,61
113.0,47.0,51,61
113.0,46.0,51,61
113.0,46.0,51,61
113.0,45.0,51,61
112.0,45.0,51,61
112.0,44.0,51,61
111.0,43.0,51,61
110.0,42.0,51,61
110.0,41.0,51,61
110.0,40.0,51,61
109.0,39.0,51,61
108.0,38.0,51,61
107.0,38.0,51,61
106.0,38.0,51,61
104.0,38.0,51,61
102.0,38.0,51,61
100.0,38.0,51,61
99.0,38.0,51,61
97.0,38.0,51,61
95.0,37.0,51,61
93.0,37.0,51,61
92.0,36.0,51,61
90.0,35.0,51,61
89.0,34.0,51,61
88.0,32.0,51,61
86.0,30.0,51,61
85.0,29.0,51,61
84.0,28.0,51,61
83.0,26.0,51,61
81.0,25.0,51,61
80.0,24.0,51,61
79.0,24.0,51,61
78.0,23.0,51,61
78.0,24.0,51,61
78.0,24.0,51,61
78.0,25.0,51,61
78.0,26.0,51,61
79.0,28.0,51,61
80.0,30.0,51,61
81.0,32.0,51,61
82.0,34.0,51,61
84.0,36.0,51,61
85.0,38.0,51,61
87.0,40.0,51,61
88.0,42.0,51,61
89.0,43.0,51,61
90.0,45.0,51,61
91.0,45.0,51,61
93.0,46.0,51,61
95.0,46.0,51,61
97.0,46.0,51,61
99.0,46.0,51,61
101.0,45.0,51,61
104.0,44.0,51,61
106.0,42.0,51,61
108.0,41.0,51,61
111.0,39.0,51,61
113.0,37.0,51,61
116.0,35.0,51,61
118.0,34.0,51,61
121.0,32.0,51,61
123.0,31.0,51,61
126.0,30.0,51,61
128.0,29.0,51,61
130.0,28.0,51,61
132.0,27.0,51,61
133.0,27.0,51,61
135.0,26.0,51,61
137.0,26.0,51,61
139.0,25.0,51,61
141.0,25.0,51,61
143.0,25.0,51,61
145.0,25.0,51,61
147.0,26.0,51,61
149.0,26.0,51,61
151.0,26.0,51,61
153.0,26.0,51,61
155.0,26.0,51,61
156.0,26.0,51,61
158.0,26.0,51,61
159.0,27.0,51,61
161.0,28.0,51,61
163.0,29.0,51,61
165.0,30.0,51,61
166.0,31.0,51,61
167.0,32.0,51,61
168.0,33.0,51,61
169.0,35.0,51,61
170.0,37.0,51,61
171.0,39.0,51,61
173.0,41.0,51,61
174.0,43.0,51,61
175.0,44.0,51,61
176.0,46.0,51,61
176.0,48.0,51,61
177.0,50.0,51,61
177.0,52.0,51,61
178.0,53.0,51,61
178.0,54.0,51,61
178.0,55.0,51,61
177.0,56.0,51,61
176.0,56.0,51,61
175.0,56.0,51,61
174.0,56.0,51,61
172.0,56.0,51,61
171.0,55.0,51,61
170.0,54.0,51,61
170.0,53.0,51,61
169.0,53.0,51,61
168.0,53.0,51,61
167.0,52.0,51,61
165.0,52.0,51,61
163.0,53.0,51,61
160.0,54.0,51,61
157.0,55.0,51,61
154.0,56.0,51,61
151.0,56.0,51,61
146.0,57.0,51,61
141.0,59.0,51,61
137.0,60.0,51,61
132.0,61.0,51,61
127.0,62.0,51,61
120.0,62.0,51,61
118.0,41.0,51,61
118.0,62.0,51,61
134.0,58.0,51,61
134.0,59.0,51,61
132.0,60.0,51,61
130.0,61.0,51,61
128.0,63.0,51,61
126.0,64.0,51,61
125.0,65.0,51,61
124.0,66.0,51,61
122.0,67.0,51,61
120.0,67.0,51,61
119.0,67.0,51,61
117.0,68.0,51,61
117.0,68.0,51,61
118.0,69.0,51,61
119.0,70.0,51,61
119.0,73.0,51,61
120.0,76.0,51,61
149.0,76.0,51,61
155.0,74.0,51,61
155.0,74.0,51,61
155.0,75.0,51,61
155.0,75.0,51,61
154.0,76.0,51,61
155.0,76.0,51,61
154.0,77.0,51,61
154.0,78.0,51,61
154.0,78.0,51,61
154.0,79.0,51,61
154.0,79.0,51,61
154.0,79.0,51,61
154.0,79.0,51,61
154.0,79.0,51,61
154.0,79.0,51,61
154.0,79.0,51,61
154.0,78.0,51,61
154.0,78.0,51,61
154.0,78.0,51,61
154.0,78.0,51,61
154.0,77.0,51,61
154.0,77.0,51,61
154.0,76.0,51,61
154.0,76.0,51,61
154.0,75.0,51,61
154.0,75.0,51,61
155.0,74.0,51,61
155.0,74.0,51,61
155.0,74.0,51,61
156.0,73.0,51,61
156.0,73.0,51,61
156.0,73.0,51,61
157.0,73.0,51,61
158.0,73.0,51,61
159.0,72.0,51,61
160.0,72.0,51,61
162.0,72.0,51,61
163.0,72.0,51,61
164.0,73.0,51,61
165.0,73.0,51,61
166.0,73.0,51,61
167.0,73.0,51,61
167.0,73.0,51,61
167.0,73.0,51,61
167.0,73.0,51,61
166.0,73.0,51,61
166.0,73.0,51,61
165.0,73.0,51,61
165.0,73.0,51,61
165.0,73.0,51,61
164.0,73.0,51,61
164.0,73.0,51,61
163.0,73.0,51,61
163.0,73.0,51,61
163.0,73.0,51,61
163.0,73.0,51,61
164.0,73.0,51,61
164.0,73.0,51,61
164.0,73.0,51,61
164.0,73.0,51,61
164.0,73.0,51,61
164.0,73.0,51,61
164.0,73.0,51,61
164.0,73.0,51,61
164.0,74.0,51,61
164.0,74.0,51,61
164.0,75.0,51,61
164.0,75.0,51,61
164.0,76.0,51,61
165.0,76.0,51,61
165.0,77.0,51,61
165.0,78.0,51,61
165.0,78.0,51,61
165.0,79.0,51,61
166.0,79.0,51,61
166.0,79.0,51,61
166.0,79.0,51,61
166.0,79.0,51,61
166.0,79.0,51,61
166.0,79.0,51,61
166.0,78.0,51,61
166.0,78.0,51,61
166.0,77.0,51,61
166.0,76.0,51,61
166.0,75.0,51,61
166.0,75.0,51,61
166.0,74.0,51,61
166.0,74.0,51,61
165.0,74.0,51,61
165.0,73.0,51,61
165.0,73.0,51,61
164.0,73.0,51,61
165.0,72.0,51,61
165.0,72.0,51,61
165.0,72.0,51,61
165.0,72.0,51,61
165.0,72.0,51,61
164.0,72.0,51,61
164.0,72.0,51,61
164.0,72.0,51,61
164.0,72.0,51,61
164.0,72.0,51,61
163.0,73.0,51,61
163.0,73.0,51,61
163.0,73.0,51,61
163.0,73.0,51,61
163.0,73.0,51,61
163.0,74.0,51,61
163.0,74.0,51,61
162.0,74.0,51,61
162.0,74.0,51,61
162.0,73.0,51,61
162.0,73.0,51,61
162.0,73.0,51,61
162.0,72.0,51,61
163.0,71.0,51,61
162.0,71.0,51,61
162.0,71.0,51,61
162.0,70.0,51,61
162.0,70.0,51,61
162.0,70.0,51,61
162.0,70.0,51,61
162.0,70.0,51,61
161.0,70.0,51,61
161.0,70.0,51,61
160.0,69.0,51,61
160.0,68.0,51,61
160.0,67.0,51,61
160.0,66.0,51,61
160.0,66.0,51,61
161.0,66.0,51,61
162.0,65.0,51,61
163.0,65.0,51,61
163.0,65.0,51,61
164.0,65.0,51,61
164.0,65.0,51,61
165.0,65.0,51,61
165.0,65.0,51,61
166.0,64.0,51,61
166.0,64.0,51,61
166.0,64.0,51,61
167.0,64.0,51,61
167.0,65.0,51,61
167.0,65.0,51,61
168.0,66.0,51,61
168.0,67.0,51,61
168.0,70.0,51,61
168.0,74.0,51,61
167.0,78.0,51,61
167.0,82.0,51,61
166.0,86.0,51,61
166.0,89.0,51,61
166.0,91.0,51,61
166.0,93.0,51,61
166.0,95.0,51,61
165.0,97.0,51,61
165.0,99.0,51,61
164.0,102.0,51,61
163.0,104.0,51,61
162.0,106.0,51,61
162.0,107.0,51,61
162.0,107.0,51,61
162.0,107.0,51,61
162.0,105.0,51,61
162.0,103.0,51,61
162.0,100.0,51,61
162.0,98.0,51,61
162.0,95.0,51,61
162.0,92.0,51,61
162.0,89.0,51,61
162.0,86.0,51,61
162.0,82.0,51,61
161.0,79.0,51,61
161.0,76.0,51,61
160.0,74.0,51,61
159.0,71.0,51,61
158.0,69.0,51,61
156.0,67.0,51,61
153.0,66.0,51,61
151.0,65.0,51,61
149.0,65.0,51,61
147.0,64.0,51,61
144.0,63.0,51,61
141.0,62.0,51,61
138.0,62.0,51,61
134.0,61.0,51,61
131.0,61.0,51,61
128.0,61.0,51,61
125.0,60.0,51,61
122.0,60.0,51,61
119.0,61.0,51,61
116.0,61.0,51,61
113.0,62.0,51,61
110.0,62.0,51,61
108.0,62.0,51,61
105.0,63.0,51,61
103.0,63.0,51,61
102.0,63.0,51,61
101.0,63.0,51,61
101.0,63.0,51,61
100.0,63.0,51,61
99.0,64.0,51,61
99.0,64.0,51,61
100.0,64.0,51,61
102.0,65.0,51,61
105.0,65.0,51,61
109.0,65.0,51,61
112.0,66.0,51,61
116.0,67.0,51,61
119.0,68.0,51,61
122.0,69.0,51,61
125.0,69.0,51,61
129.0,70.0,51,61
113.0,74.0,51,61
115.0,76.0,51,61
119.0,77.0,51,61
123.0,78.0,51,61
127.0,78.0,51,61
131.0,78.0,51,61
135.0,78.0,51,61
140.0,77.0,51,61
145.0,77.0,51,61
149.0,77.0,51,61
153.0,77.0,51,61
156.0,77.0,51,61
160.0,76.0,51,61
163.0,77.0,51,61
166.0,78.0,51,61
169.0,79.0,51,61
172.0,81.0,51,61
174.0,84.0,51,61
176.0,87.0,51,61
177.0,90.0,51,61
178.0,94.0,51,61
179.0,97.0,51,61
179.0,101.0,51,61
179.0,104.0,51,61
179.0,108.0,51,61
179.0,112.0,51,61
179.0,116.0,51,61
179.0,120.0,51,61
179.0,124.0,51,61
179.0,129.0,51,61
179.0,133.0,51,61
179.0,137.0,51,61
178.0,141.0,51,61
177.0,145.0,51,61
177.0,149.0,51,61
176.0,153.0,51,61
176.0,156.0,51,61
176.0,157.0,51,61
176.0,156.0,51,61
176.0,155.0,51,61
176.0,153.0,51,61
176.0,151.0,51,61
176.0,151.0,51,61
175.0,151.0,51,61
175.0,150.0,51,61
174.0,148.0,51,61
174.0,144.0,51,61
174.0,139.0,51,61
174.0,134.0,51,61
173.0,129.0,51,61
172.0,124.0,51,61
171.0,120.0,51,61
170.0,116.0,51,61
169.0,112.0,51,61
168.0,108.0,51,61
166.0,105.0,51,61
165.0,102.0,51,61
163.0,100.0,51,61
160.0,98.0,51,61
158.0,96.0,51,61
156.0,94.0,51,61
153.0,94.0,51,61
151.0,93.0,51,61
149.0,93.0,51,61
146.0,94.0,51,61
144.0,94.0,51,61
141.0,94.0,51,61
139.0,94.0,51,61
136.0,95.0,51,61
132.0,96.0,51,61
129.0,97.0,51,61
127.0,98.0,51,61
120.0,104.0,51,61
134.0,100.0,51,61
131.0,102.0,51,61
128.0,104.0,51,61
125.0,108.0,51,61
122.0,113.0,51,61
121.0,115.0,51,61
121.0,117.0,51,61
121.0,118.0,51,61
121.0,119.0,51,61
121.0,120.0,51,61
121.0,120.0,51,61
121.0,121.0,51,61
121.0,121.0,51,61
121.0,122.0,51,61
121.0,122.0,51,61
121.0,122.0,51,61
121.0,122.0,51,61
121.0,121.0,51,61
121.0,120.0,51,61
121.0,120.0,51,61
121.0,119.0,51,61
121.0,119.0,51,61
121.0,119.0,51,61
121.0,119.0,51,61
121.0,119.0,51,61
121.0,119.0,51,61
121.0,119.0,51,61
121.0,118.0,51,61
121.0,118.0,51,61
121.0,118.0,51,61
121.0,117.0,51,61
121.0,117.0,51,61
121.0,117.0,51,61
121.0,118.0,51,61
121.0,118.0,51,61
121.0,118.0,51,61
121.0,118.0,51,61
121.0,118.0,51,61
121.0,118.0,51,61
121.0,118.0,51,61
121.0,118.0,51,61
121.0,118.0,51,61
121.0,119.0,51,61
121.0,119.0,51,61
121.0,118.0,51,61
121.0,118.0,51,61
121.0,118.0,51,61
121.0,118.0,51,61
121.0,118.0,51,61
121.0,118.0,51,61
121.0,118.0,51,61
121.0,118.0,51,61
121.0,118.0,51,61
121.0,118.0,51,61
121.0,118.0,51,61
121.0,118.0,51,61
121.0,118.0,51,61
121.0,118.0,51,61
121.0,118.0,51,61
121.0,118.0,51,61
121.0,118.0,51,61
121.0,118.0,51,61
121.0,118.0,51,61
121.0,118.0,51,61
121.0,118.0,51,61
121.0,118.0,51,61
121.0,118.0,51,61
121.0,118.0,51,61
121.0,118.0,51,61
121.0,118.0,51,61
121.0,118.0,51,61
121.0,118.0,51,61
121.0,118.0,51,61
121.0,118.0,51,61
121.0,118.0,51,61
121.0,118.0,51,61
121.0,118.0,51,61
121.0,118.0,51,61
121.0,118.0,51,61
121.0,118.0,51,61
121.0,118.0,51,61
121.0,118.0,51,61
121.0,118.0,51,61
121.0,118.0,51,61
121.0,118.0,51,61
121.0,118.0,51,61
121.0,118.0,51,61
121.0,118.0,51,61
121.0,118.0,51,61
121.0,118.0,51,61
121.0,118.0,51,61
121.0,118.0,51,61
121.0,118.0,51,61
121.0,118.0,51,61
121.0,118.0,51,61
121.0,118.0,51,61
121.0,118.0,51,61
121.0,118.0,51,61
121.0,118.0,51,61
121.0,118.0,51,61
121.0,118.0,51,61
121.0,118.0,51,61
121.0,118.0,51,61
121.0,118.0,51,61
121.0,118.0,51,61
121.0,118.0,51,61
121.0,119.0,51,61
121.0,119.0,51,61
121.0,119.0,51,61
121.0,119.0,51,61
121.0,119.0,51,61
121.0,119.0,51,61
121.0,120.0,51,61
121.0,120.0,51,61
122.0,120.0,51,61
122.0,120.0,51,61
122.0,120.0,51,61
122.0,120.0,51,61
122.0,120.0,51,61
122.0,120.0,51,61
122.0,120.0,51,61
122.0,120.0,51,61
122.0,120.0,51,61
122.0,119.0,51,61
122.0,119.0,51,61
122.0,119.0,51,61
122.0,119.0,51,61
122.0,119.0,51,61
122.0,119.0,51,61
122.0,119.0,51,61
122.0,119.0,51,61
122.0,119.0,51,61
122.0,119.0,51,61
122.0,119.0,51,61
122.0,119.0,51,61
122.0,119.0,51,61
122.0,120.0,51,61
122.0,120.0,51,61
123.0,120.0,51,61
123.0,120.0,51,61
123.0,120.0,51,61
123.0,120.0,51,61
123.0,120.0,51,61
123.0,120.0,51,61
123.0,120.0,51,61
123.0,120.0,51,61
123.0,120.0,51,61
123.0,120.0,51,61
123.0,121.0,51,61
123.0,121.0,51,61
123.0,121.0,51,61
121.0,120.0,51,61
122.0,121.0,51,61
122.0,122.0,51,61
122.0,122.0,51,61
122.0,122.0,51,61
122.0,121.0,51,61
122.0,121.0,51,61
122.0,120.0,51,61
122.0,120.0,51,61
122.0,120.0,51,61
122.0,120.0,51,61
122.0,120.0,51,61
122.0,120.0,51,61
122.0,120.0,51,61
122.0,120.0,51,61
122.0,120.0,51,61
122.0,120.0,51,61
122.0,120.0,51,61
122.0,120.0,51,61
122.0,120.0,51,61
122.0,120.0,51,61
122.0,120.0,51,61
122.0,120.0,51,61
122.0,120.0,51,61
122.0,120.0,51,61
122.0,120.0,51,61
122.0,120.0,51,61
122.0,120.0,51,61
122.0,120.0,51,61
122.0,120.0,51,61
122.0,120.0,51,61
122.0,120.0,51,61
122.0,120.0,51,61
122.0,120.0,51,61
122.0,120.0,51,61
122.0,120.0,51,61
122.0,120.0,51,61
122.0,120.0,51,61
122.0,120.0,51,61
122.0,120.0,51,61
122.0,120.0,51,61
122.0,120.0,51,61
122.0,120.0,51,61
122.0,120.0,51,61
122.0,120.0,51,61
122.0,120.0,51,61
122.0,120.0,51,61
122.0,120.0,51,61
122.0,120.0,51,61
122.0,120.0,51,61
122.0,120.0,51,61
122.0,120.0,51,61
122.0,120.0,51,61
122.0,120.0,51,61
122.0,120.0,51,61
122.0,120.0,51,61
122.0,120.0,51,61
122.0,120.0,51,61
122.0,120.0,51,61
122.0,120.0,51,61
122.0,120.0,51,61
122.0,120.0,51,61
122.0,120.0,51,61
122.0,120.0,51,61
122.0,120.0,51,61
122.0,120.0,51,61
122.0,120.0,51,61
122.0,120.0,51,61
122.0,120.0,51,61