146,54,68,101
147.0,53.0,68,101
147.0,54.0,68,101
148.0,53.0,68,101
150.0,53.0,68,101
151.0,52.0,68,101
152.0,52.0,68,101
153.0,51.0,68,101
154.0,51.0,68,101
156.0,51.0,68,101
157.0,52.0,68,101
157.0,55.0,68,101
156.0,57.0,68,101
155.0,58.0,68,101
156.0,58.0,68,101
159.0,59.0,68,101
160.0,62.0,68,101
160.0,62.0,68,101
163.0,61.0,68,101
166.0,60.0,68,101
193.0,33.0,68,101
171.0,53.0,68,101
171.0,52.0,68,101
172.0,53.0,68,101
199.0,33.0,68,101
203.0,33.0,68,101
184.0,67.0,68,101
173.0,63.0,68,101
171.0,65.0,68,101
175.0,67.0,68,101
168.0,67.0,68,101
164.0,65.0,68,101
162.0,64.0,68,101
160.0,62.0,68,101
158.0,61.0,68,101
157.0,61.0,68,101
157.0,60.0,68,101
158.0,60.0,68,101
132.0,62.0,68,101
138.0,67.0,68,101
132.0,63.0,68,101
133.0,63.0,68,101
134.0,64.0,68,101
134.0,64.0,68,101
134.0,64.0,68,101
133.0,65.0,68,101
129.0,65.0,68,101
126.0,65.0,68,101
126.0,65.0,68,101
138.0,67.0,68,101
127.0,63.0,68,101
125.0,62.0,68,101
127.0,62.0,68,101
128.0,62.0,68,101
130.0,64.0,68,101
132.0,66.0,68,101
131.0,69.0,68,101
131.0,71.0,68,101
131.0,73.0,68,101
130.0,73.0,68,101
130.0,71.0,68,101
131.0,70.0,68,101
132.0,67.0,68,101
141.0,63.0,68,101
144.0,61.0,68,101
146.0,59.0,68,101
149.0,58.0,68,101
149.0,60.0,68,101
150.0,62.0,68,101
151.0,65.0,68,101
151.0,67.0,68,101
152.0,69.0,68,101
179.0,67.0,68,101
183.0,67.0,68,101
160.0,67.0,68,101
156.0,68.0,68,101
183.0,67.0,68,101
159.0,63.0,68,101
156.0,62.0,68,101
154.0,63.0,68,101
152.0,64.0,68,101
156.0,67.0,68,101
150.0,67.0,68,101
149.0,66.0,68,101
148.0,65.0,68,101
148.0,65.0,68,101
147.0,65.0,68,101
148.0,63.0,68,101
146.0,64.0,68,101
145.0,62.0,68,101
144.0,60.0,68,101
140.0,60.0,68,101
144.0,33.0,68,101
148.0,33.0,68,101
135.0,60.0,68,101
136.0,63.0,68,101
135.0,66.0,68,101
135.0,68.0,68,101
133.0,69.0,68,101
138.0,67.0,68,101
142.0,67.0,68,101
137.0,69.0,68,101
137.0,67.0,68,101
137.0,66.0,68,101
139.0,65.0,68,101
140.0,65.0,68,101
142.0,66.0,68,101
146.0,66.0,68,101
149.0,67.0,68,101
153.0,101.0,68,101
153.0,69.0,68,101
153.0,69.0,68,101
157.0,67.0,68,101
161.0,67.0,68,101
165.0,67.0,68,101
161.0,66.0,68,101
165.0,65.0,68,101
166.0,65.0,68,101
165.0,64.0,68,101
165.0,62.0,68,101
165.0,62.0,68,101
166.0,63.0,68,101
167.0,66.0,68,101
168.0,69.0,68,101
195.0,67.0,68,101
173.0,70.0,68,101
174.0,69.0,68,101
174.0,66.0,68,101
178.0,33.0,68,101
158.0,68.0,68,101
157.0,66.0,68,101
158.0,62.0,68,101
158.0,61.0,68,101
156.0,63.0,68,101
153.0,65.0,68,101
148.0,66.0,68,101
152.0,67.0,68,101
144.0,66.0,68,101
140.0,66.0,68,101
139.0,65.0,68,101
139.0,62.0,68,101
138.0,62.0,68,101
138.0,63.0,68,101
139.0,64.0,68,101
140.0,65.0,68,101
141.0,66.0,68,101
142.0,69.0,68,101
143.0,71.0,68,101
143.0,72.0,68,101
144.0,73.0,68,101
144.0,74.0,68,101
145.0,74.0,68,101
147.0,73.0,68,101
147.0,72.0,68,101
146.0,72.0,68,101
147.0,72.0,68,101
147.0,75.0,68,101
174.0,67.0,68,101
178.0,33.0,68,101
182.0,67.0,68,101
186.0,33.0,68,101
250.0,84.0,68,101
294.0,91.0,68,101
292.0,87.0,68,101
291.0,86.0,68,101
318.0,101.0,68,101
292.0,81.0,68,101
295.0,80.0,68,101
296.0,78.0,68,101
295.0,78.0,68,101
294.0,78.0,68,101
294.0,80.0,68,101
297.0,81.0,68,101
298.0,84.0,68,101
299.0,87.0,68,101
300.0,89.0,68,101
301.0,88.0,68,101
303.0,87.0,68,101
310.0,86.0,68,101
316.0,86.0,68,101
320.0,88.0,68,101
325.0,89.0,68,101
331.0,89.0,68,101
336.0,88.0,68,101
336.0,89.0,68,101
337.0,90.0,68,101
338.0,91.0,68,101
368.0,93.0,68,101
393.0,93.0,68,101
393.0,0,68,101
413.0,0,68,101
433.0,0,68,101
453.0,0,68,101
473.0,0,68,101
493.0,0,68,101
513.0,0,68,101
533.0,0,68,101
553.0,0,68,101
573.0,0,68,101
593.0,0,68,101
613.0,0,68,101
633.0,0,68,101
653.0,0,68,101
673.0,0,68,101
693.0,0,68,101
713.0,0,68,101
733.0,0,68,101
753.0,0,68,101
773.0,0,68,101
793.0,0,68,101
813.0,0,68,101
833.0,0,68,101
853.0,0,68,101
873.0,0,68,101
893.0,0,68,101
913.0,0,68,101
933.0,0,68,101
953.0,0,68,101
973.0,0,68,101
993.0,0,68,101
1013.0,0,68,101
1033.0,0,68,101
1053.0,0,68,101
1073.0,0,68,101
1093.0,0,68,101
1113.0,0,68,101
1133.0,0,68,101
1153.0,0,68,101
1173.0,0,68,101
1193.0,0,68,101
1213.0,0,68,101
1233.0,0,68,101
1253.0,0,68,101
1273.0,0,68,101
1293.0,0,68,101
1313.0,0,68,101
1333.0,0,68,101
1353.0,0,68,101
1373.0,0,68,101
1393.0,0,68,101
1413.0,0,68,101
1433.0,0,68,101
1453.0,0,68,101
1473.0,0,68,101
1493.0,0,68,101
1513.0,0,68,101
1533.0,0,68,101
1553.0,0,68,101
1573.0,0,68,101
1593.0,0,68,101
1613.0,0,68,101
1633.0,0,68,101
1653.0,0,68,101
1673.0,0,68,101
1693.0,0,68,101
1713.0,0,68,101
1733.0,0,68,101
1753.0,0,68,101
1773.0,0,68,101
1793.0,0,68,101
1813.0,0,68,101
1833.0,0,68,101
1853.0,0,68,101
1873.0,0,68,101
1893.0,0,68,101
1913.0,0,68,101
1933.0,0,68,101
1953.0,0,68,101
1973.0,0,68,101
1993.0,0,68,101
2013.0,0,68,101
2033.0,0,68,101
2053.0,0,68,101
2073.0,0,68,101
2093.0,0,68,101
2113.0,0,68,101
2133.0,0,68,101
2153.0,0,68,101
2173.0,0,68,101
2193.0,0,68,101
2213.0,0,68,101
2233.0,0,68,101
2253.0,0,68,101
2273.0,0,68,101
2293.0,0,68,101
2313.0,0,68,101
2333.0,0,68,101
2353.0,0,68,101
2373.0,0,68,101
2393.0,0,68,101
2413.0,0,68,101
2433.0,0,68,101
2453.0,0,68,101
2473.0,0,68,101
2493.0,0,68,101
2513.0,0,68,101
2533.0,0,68,101
2553.0,0,68,101
2573.0,0,68,101
2593.0,0,68,101
2613.0,0,68,101
2633.0,0,68,101
2653.0,0,68,101
2673.0,0,68,101
2693.0,0,68,101
2713.0,0,68,101
2733.0,0,68,101
2753.0,0,68,101
2773.0,0,68,101
2793.0,0,68,101
2813.0,0,68,101
2833.0,0,68,101
2853.0,0,68,101
2873.0,0,68,101
2893.0,0,68,101
2913.0,0,68,101
2933.0,0,68,101
2953.0,0,68,101
2973.0,0,68,101
2993.0,0,68,101
3013.0,0,68,101
3033.0,0,68,101
3053.0,0,68,101
3073.0,0,68,101
3093.0,0,68,101
3113.0,0,68,101
3133.0,0,68,101
3153.0,0,68,101
3173.0,0,68,101
3193.0,0,68,101
3213.0,0,68,101
3233.0,0,68,101
3253.0,0,68,101
3273.0,0,68,101
3293.0,0,68,101
3313.0,0,68,101
3333.0,0,68,101
3353.0,0,68,101
3373.0,0,68,101
3393.0,0,68,101
3413.0,0,68,101
3433.0,0,68,101
3453.0,0,68,101
3473.0,0,68,101
3493.0,0,68,101
3513.0,0,68,101
3533.0,0,68,101
3553.0,0,68,101
3573.0,0,68,101
3593.0,0,68,101
3613.0,0,68,101
3633.0,0,68,101
3653.0,0,68,101
3673.0,0,68,101
3693.0,0,68,101
3713.0,0,68,101
3733.0,0,68,101
3753.0,0,68,101
3773.0,0,68,101
3793.0,0,68,101
3813.0,0,68,101
3833.0,0,68,101
3853.0,0,68,101
3873.0,0,68,101
3893.0,0,68,101
3913.0,0,68,101
3933.0,0,68,101
3953.0,0,68,101
3973.0,0,68,101
3993.0,0,68,101
4013.0,0,68,101
4033.0,0,68,101
4053.0,0,68,101
4073.0,0,68,101
4093.0,0,68,101
4113.0,0,68,101
4133.0,0,68,101
4153.0,0,68,101
4173.0,0,68,101
4193.0,0,68,101
4213.0,0,68,101
4233.0,0,68,101
4253.0,0,68,101
4273.0,0,68,101
4293.0,0,68,101
4313.0,0,68,101
4333.0,0,68,101
4353.0,0,68,101
4373.0,0,68,101
4393.0,0,68,101
4413.0,0,68,101
4433.0,0,68,101
4453.0,0,68,101
4473.0,0,68,101
4493.0,0,68,101
4513.0,0,68,101
4533.0,0,68,101
4553.0,0,68,101
4573.0,0,68,101
4594.0,0,68,101
4615.0,0,68,101
4636.0,0,68,101
4657.0,0,68,101
4678.0,0,68,101
4699.0,0,68,101
4720.0,0,68,101
4741.0,0,68,101
4762.0,0,68,101
4783.0,0,68,101
4804.0,0,68,101
4825.0,0,68,101
4846.0,0,68,101
4867.0,0,68,101
4888.0,0,68,101
4909.0,0,68,101
4930.0,0,68,101
4951.0,0,68,101
4972.0,0,68,101
4993.0,0,68,101
5014.0,0,68,101
5035.0,0,68,101
5056.0,0,68,101
5056.0,0,68,101
5056.0,0,68,101
5056.0,0,68,101
5056.0,0,68,101
5056.0,0,68,101
5056.0,0,68,101
5056.0,0,68,101
5056.0,0,68,101
5056.0,0,68,101
5056.0,0,68,101
5056.0,0,68,101
5056.0,0,68,101
5056.0,0,68,101
5056.0,0,68,101
5056.0,0,68,101
5056.0,0,68,101
5056.0,0,68,101
5056.0,0,68,101
5056.0,0,68,101
5056.0,0,68,101
5056.0,0,68,101
5056.0,0,68,101
5056.0,0,68,101
5056.0,0,68,101
5056.0,0,68,101
5056.0,0,68,101
5056.0,0,68,101
5056.0,0,68,101
5056.0,0,68,101
5056.0,0,68,101
5056.0,0,68,101
5056.0,0,68,101
5056.0,0,68,101
5056.0,0,68,101
5056.0,0,68,101
5056.0,0,68,101
5056.0,0,68,101
5056.0,0,68,101
5056.0,0,68,101
5056.0,0,68,101
5056.0,0,68,101
5056.0,0,68,101
5056.0,0,68,101
5056.0,0,68,101
5056.0,0,68,101
5056.0,0,68,101
5056.0,0,68,101
5056.0,0,68,101
5056.0,0,68,101
5056.0,0,68,101
5056.0,0,68,101
5056.0,0,68,101
5056.0,0,68,101
5056.0,0,68,101
5056.0,0,68,101
5056.0,0,68,101
5056.0,0,68,101
5056.0,0,68,101
5056.0,0,68,101
5056.0,0,68,101
5056.0,0,68,101
5056.0,0,68,101
5056.0,0,68,101
5056.0,0,68,101
5056.0,0,68,101
5056.0,0,68,101
5056.0,0,68,101
5056.0,0,68,101
5056.0,0,68,101
5056.0,0,68,101
5056.0,0,68,101
5056.0,0,68,101
5056.0,0,68,101
5056.0,0,68,101
5056.0,0,68,101
5056.0,0,68,101
5056.0,0,68,101
5056.0,0,68,101
5056.0,0,68,101
5056.0,0,68,101
5056.0,0,68,101
5056.0,0,68,101
5056.0,0,68,101
5056.0,0,68,101
5056.0,0,68,101
5056.0,0,68,101
5056.0,0,68,101
5056.0,0,68,101
5056.0,0,68,101
5056.0,0,68,101
5056.0,0,68,101
5056.0,0,68,101
5056.0,0,68,101
5056.0,0,68,101
5056.0,0,68,101
5056.0,0,68,101
5056.0,0,68,101
5056.0,0,68,101
5056.0,0,68,101
5056.0,0,68,101
5056.0,0,68,101
5056.0,0,68,101
5056.0,0,68,101
5056.0,0,68,101
5056.0,0,68,101
5056.0,0,68,101
5056.0,0,68,101
5056.0,0,68,101
5056.0,0,68,101
5056.0,0,68,101
5056.0,0,68,101
5056.0,0,68,101
5056.0,0,68,101
5056.0,0,68,101
5056.0,0,68,101
5056.0,0,68,101
5056.0,0,68,101
5056.0,0,68,101
5056.0,0,68,101
5056.0,0,68,101
5056.0,0,68,101
5056.0,0,68,101
5056.0,0,68,101
5056.0,0,68,101
5056.0,0,68,101
5056.0,0,68,101
5056.0,0,68,101
5056.0,0,68,101
5056.0,0,68,101
5056.0,0,68,101
5056.0,0,68,101
5056.0,0,68,101
5056.0,0,68,101
5056.0,0,68,101
5056.0,0,68,101
5056.0,0,68,101
5056.0,0,68,101
5056.0,0,68,101
5056.0,0,68,101
5056.0,0,68,101
5056.0,0,68,101
5056.0,0,68,101
5056.0,0,68,101
5056.0,0,68,101
5056.0,0,68,101
5056.0,0,68,101
5056.0,0,68,101