213,121,21,95
211.0,118.0,21,95
209.0,117.0,21,95
208.0,116.0,21,95
207.0,115.0,21,95
206.0,114.0,21,95
206.0,112.0,21,95
207.0,111.0,21,95
208.0,110.0,21,95
209.0,109.0,21,95
211.0,107.0,21,95
214.0,107.0,21,95
217.0,107.0,21,95
218.0,107.0,21,95
217.0,108.0,21,95
216.0,108.0,21,95
215.0,108.0,21,95
215.0,107.0,21,95
213.0,106.0,21,95
213.0,105.0,21,95
213.0,104.0,21,95
214.0,103.0,21,95
215.0,103.0,21,95
216.0,102.0,21,95
217.0,102.0,21,95
218.0,102.0,21,95
218.0,102.0,21,95
218.0,101.0,21,95
218.0,101.0,21,95
218.0,99.0,21,95
218.0,98.0,21,95
219.0,97.0,21,95
221.0,97.0,21,95
222.0,98.0,21,95
223.0,97.0,21,95
223.0,97.0,21,95
222.0,97.0,21,95
222.0,97.0,21,95
222.0,97.0,21,95
223.0,96.0,21,95
223.0,97.0,21,95
222.0,101.0,21,95
222.0,103.0,21,95
223.0,106.0,21,95
224.0,108.0,21,95
223.0,109.0,21,95
222.0,110.0,21,95
222.0,111.0,21,95
222.0,112.0,21,95
219.0,112.0,21,95
216.0,111.0,21,95
212.0,110.0,21,95
208.0,109.0,21,95
203.0,108.0,21,95
200.0,106.0,21,95
198.0,104.0,21,95
199.0,102.0,21,95
197.0,102.0,21,95
197.0,105.0,21,95
198.0,107.0,21,95
199.0,107.0,21,95
201.0,109.0,21,95
202.0,111.0,21,95
203.0,112.0,21,95
204.0,112.0,21,95
202.0,111.0,21,95
200.0,110.0,21,95
202.0,110.0,21,95
204.0,109.0,21,95
207.0,108.0,21,95
213.0,108.0,21,95
220.0,107.0,21,95
224.0,103.0,21,95
224.0,100.0,21,95
221.0,100.0,21,95
215.0,99.0,21,95
208.0,100.0,21,95
201.0,102.0,21,95
196.0,100.0,21,95
196.0,96.0,21,95
194.0,91.0,21,95
194.0,84.0,21,95
196.0,77.0,21,95
199.0,73.0,21,95
200.0,71.0,21,95
201.0,70.0,21,95
202.0,69.0,21,95
204.0,69.0,21,95
204.0,71.0,21,95
204.0,76.0,21,95
203.0,83.0,21,95
202.0,90.0,21,95
202.0,94.0,21,95
202.0,97.0,21,95
203.0,100.0,21,95
206.0,103.0,21,95
208.0,106.0,21,95
209.0,110.0,21,95
208.0,116.0,21,95
206.0,120.0,21,95
205.0,123.0,21,95
204.0,126.0,21,95
203.0,129.0,21,95
203.0,130.0,21,95
205.0,128.0,21,95
204.0,128.0,21,95
204.0,127.0,21,95
204.0,126.0,21,95
205.0,124.0,21,95
206.0,122.0,21,95
206.0,120.0,21,95
205.0,119.0,21,95
205.0,116.0,21,95
205.0,114.0,21,95
206.0,112.0,21,95
207.0,111.0,21,95
208.0,110.0,21,95
209.0,111.0,21,95
210.0,111.0,21,95
211.0,111.0,21,95
212.0,112.0,21,95
212.0,113.0,21,95
212.0,114.0,21,95
213.0,115.0,21,95
214.0,116.0,21,95
215.0,117.0,21,95
216.0,118.0,21,95
217.0,118.0,21,95
219.0,118.0,21,95
221.0,119.0,21,95
223.0,120.0,21,95
224.0,121.0,21,95
226.0,122.0,21,95
227.0,123.0,21,95
227.0,124.0,21,95
228.0,124.0,21,95
229.0,124.0,21,95
230.0,124.0,21,95
232.0,123.0,21,95
233.0,122.0,21,95
233.0,122.0,21,95
234.0,122.0,21,95
235.0,121.0,21,95
236.0,119.0,21,95
236.0,119.0,21,95
236.0,117.0,21,95
235.0,116.0,21,95
235.0,116.0,21,95
234.0,115.0,21,95
233.0,115.0,21,95
233.0,113.0,21,95
233.0,111.0,21,95
233.0,110.0,21,95
234.0,109.0,21,95
234.0,108.0,21,95
234.0,108.0,21,95
234.0,108.0,21,95
234.0,107.0,21,95
234.0,107.0,21,95
234.0,107.0,21,95
235.0,106.0,21,95
236.0,106.0,21,95
237.0,105.0,21,95
238.0,104.0,21,95
238.0,104.0,21,95
239.0,104.0,21,95
239.0,104.0,21,95
239.0,104.0,21,95
239.0,104.0,21,95
238.0,104.0,21,95
236.0,104.0,21,95
234.0,104.0,21,95
233.0,104.0,21,95
231.0,104.0,21,95
229.0,103.0,21,95
227.0,102.0,21,95
226.0,101.0,21,95
224.0,101.0,21,95
223.0,101.0,21,95
222.0,101.0,21,95
221.0,100.0,21,95
220.0,100.0,21,95
219.0,100.0,21,95
219.0,100.0,21,95
219.0,100.0,21,95
219.0,100.0,21,95
219.0,100.0,21,95
219.0,100.0,21,95
219.0,102.0,21,95
219.0,102.0,21,95
219.0,103.0,21,95
219.0,105.0,21,95
219.0,106.0,21,95
219.0,106.0,21,95
219.0,106.0,21,95
219.0,107.0,21,95
219.0,106.0,21,95
219.0,106.0,21,95
219.0,104.0,21,95
220.0,103.0,21,95
219.0,103.0,21,95
218.0,103.0,21,95
217.0,104.0,21,95
215.0,105.0,21,95
214.0,106.0,21,95
213.0,106.0,21,95
212.0,105.0,21,95
211.0,105.0,21,95
212.0,105.0,21,95
210.0,105.0,21,95
211.0,106.0,21,95
212.0,109.0,21,95
212.0,112.0,21,95
213.0,116.0,21,95
213.0,120.0,21,95
213.0,123.0,21,95
213.0,126.0,21,95
212.0,128.0,21,95
211.0,129.0,21,95
211.0,130.0,21,95
211.0,131.0,21,95
211.0,131.0,21,95
212.0,131.0,21,95
212.0,131.0,21,95
212.0,131.0,21,95
212.0,131.0,21,95
212.0,131.0,21,95
211.0,132.0,21,95
211.0,132.0,21,95
211.0,132.0,21,95
210.0,133.0,21,95
209.0,132.0,21,95
207.0,131.0,21,95
205.0,131.0,21,95
203.0,130.0,21,95
201.0,130.0,21,95
200.0,130.0,21,95
199.0,131.0,21,95
198.0,131.0,21,95
198.0,132.0,21,95
198.0,132.0,21,95
198.0,132.0,21,95
198.0,132.0,21,95
199.0,132.0,21,95
200.0,132.0,21,95
204.0,131.0,21,95
208.0,130.0,21,95
211.0,130.0,21,95
213.0,131.0,21,95
215.0,131.0,21,95
216.0,131.0,21,95
216.0,130.0,21,95
217.0,129.0,21,95
217.0,127.0,21,95
217.0,125.0,21,95
217.0,123.0,21,95
218.0,120.0,21,95
218.0,118.0,21,95
218.0,117.0,21,95
217.0,116.0,21,95
217.0,116.0,21,95
217.0,116.0,21,95
216.0,116.0,21,95
216.0,116.0,21,95
214.0,116.0,21,95
213.0,116.0,21,95
212.0,117.0,21,95
210.0,118.0,21,95
209.0,118.0,21,95
209.0,118.0,21,95
208.0,118.0,21,95
208.0,118.0,21,95
208.0,118.0,21,95
207.0,118.0,21,95
205.0,117.0,21,95
202.0,117.0,21,95
199.0,116.0,21,95
197.0,115.0,21,95
195.0,115.0,21,95
193.0,115.0,21,95
191.0,114.0,21,95
190.0,113.0,21,95
190.0,112.0,21,95
188.0,109.0,21,95
187.0,106.0,21,95
186.0,103.0,21,95
186.0,100.0,21,95
186.0,98.0,21,95
185.0,97.0,21,95
181.0,96.0,21,95
178.0,96.0,21,95
176.0,94.0,21,95
176.0,91.0,21,95
177.0,88.0,21,95
177.0,86.0,21,95
177.0,84.0,21,95
177.0,84.0,21,95
176.0,83.0,21,95
173.0,82.0,21,95
171.0,81.0,21,95
169.0,81.0,21,95
167.0,80.0,21,95
165.0,80.0,21,95
164.0,80.0,21,95
163.0,79.0,21,95
163.0,79.0,21,95
162.0,78.0,21,95
160.0,78.0,21,95
159.0,79.0,21,95
158.0,80.0,21,95
156.0,82.0,21,95
154.0,83.0,21,95
152.0,84.0,21,95
151.0,85.0,21,95
150.0,85.0,21,95
149.0,85.0,21,95
149.0,84.0,21,95
149.0,83.0,21,95
149.0,82.0,21,95
148.0,82.0,21,95
147.0,82.0,21,95
146.0,82.0,21,95
145.0,82.0,21,95
144.0,82.0,21,95
143.0,82.0,21,95
143.0,81.0,21,95
142.0,81.0,21,95
142.0,81.0,21,95
142.0,81.0,21,95
143.0,82.0,21,95
144.0,83.0,21,95
145.0,84.0,21,95
146.0,87.0,21,95
147.0,90.0,21,95
148.0,94.0,21,95
149.0,97.0,21,95
150.0,98.0,21,95
153.0,100.0,21,95
158.0,99.0,21,95
167.0,97.0,21,95
175.0,96.0,21,95
178.0,95.0,21,95
179.0,94.0,21,95
179.0,94.0,21,95
178.0,94.0,21,95
176.0,94.0,21,95
172.0,94.0,21,95
169.0,95.0,21,95
166.0,95.0,21,95
163.0,95.0,21,95
160.0,95.0,21,95
158.0,94.0,21,95
156.0,93.0,21,95
155.0,93.0,21,95
154.0,93.0,21,95
154.0,93.0,21,95
154.0,94.0,21,95
153.0,94.0,21,95
153.0,94.0,21,95
152.0,95.0,21,95
150.0,95.0,21,95
148.0,93.0,21,95
148.0,89.0,21,95
149.0,85.0,21,95
149.0,84.0,21,95
150.0,83.0,21,95
153.0,83.0,21,95
160.0,84.0,21,95
165.0,85.0,21,95
167.0,88.0,21,95
170.0,92.0,21,95
171.0,96.0,21,95
171.0,99.0,21,95
171.0,102.0,21,95
171.0,105.0,21,95
171.0,107.0,21,95
171.0,109.0,21,95
172.0,110.0,21,95
172.0,111.0,21,95
171.0,112.0,21,95
169.0,112.0,21,95
168.0,114.0,21,95
166.0,114.0,21,95
163.0,114.0,21,95
162.0,113.0,21,95
162.0,110.0,21,95
162.0,105.0,21,95
162.0,100.0,21,95
163.0,96.0,21,95
164.0,92.0,21,95
167.0,87.0,21,95
170.0,82.0,21,95
173.0,79.0,21,95
177.0,77.0,21,95
178.0,76.0,21,95
179.0,76.0,21,95
179.0,77.0,21,95
179.0,79.0,21,95
178.0,81.0,21,95
175.0,85.0,21,95
172.0,90.0,21,95
168.0,93.0,21,95
164.0,96.0,21,95
160.0,100.0,21,95
156.0,104.0,21,95
153.0,108.0,21,95
150.0,110.0,21,95
148.0,111.0,21,95
148.0,112.0,21,95
148.0,113.0,21,95
149.0,112.0,21,95
152.0,110.0,21,95
155.0,108.0,21,95
157.0,106.0,21,95
157.0,104.0,21,95
159.0,102.0,21,95
162.0,98.0,21,95
164.0,96.0,21,95
165.0,95.0,21,95
166.0,93.0,21,95
167.0,90.0,21,95
167.0,88.0,21,95
168.0,86.0,21,95
169.0,84.0,21,95
170.0,83.0,21,95
169.0,82.0,21,95
168.0,82.0,21,95
167.0,81.0,21,95
165.0,82.0,21,95
164.0,82.0,21,95
163.0,82.0,21,95
161.0,82.0,21,95
158.0,82.0,21,95
155.0,82.0,21,95
153.0,81.0,21,95
151.0,80.0,21,95
150.0,80.0,21,95
150.0,79.0,21,95
150.0,79.0,21,95
151.0,77.0,21,95
152.0,75.0,21,95
153.0,72.0,21,95
154.0,70.0,21,95
154.0,69.0,21,95
155.0,68.0,21,95
156.0,68.0,21,95
158.0,67.0,21,95
160.0,66.0,21,95
164.0,66.0,21,95
169.0,67.0,21,95
171.0,70.0,21,95
171.0,76.0,21,95
173.0,80.0,21,95
173.0,84.0,21,95
173.0,88.0,21,95
173.0,90.0,21,95
173.0,90.0,21,95
174.0,91.0,21,95
173.0,92.0,21,95
173.0,92.0,21,95
173.0,93.0,21,95
174.0,94.0,21,95
174.0,96.0,21,95
172.0,98.0,21,95
170.0,102.0,21,95
168.0,104.0,21,95
166.0,107.0,21,95
163.0,109.0,21,95
162.0,110.0,21,95
161.0,111.0,21,95
160.0,111.0,21,95
160.0,111.0,21,95
160.0,110.0,21,95
160.0,110.0,21,95
161.0,110.0,21,95
161.0,110.0,21,95
161.0,110.0,21,95
162.0,109.0,21,95
162.0,109.0,21,95
162.0,108.0,21,95
162.0,106.0,21,95
162.0,104.0,21,95
161.0,102.0,21,95
161.0,101.0,21,95
161.0,98.0,21,95
161.0,96.0,21,95
161.0,95.0,21,95
163.0,92.0,21,95
166.0,90.0,21,95
169.0,88.0,21,95
170.0,85.0,21,95
171.0,84.0,21,95
172.0,83.0,21,95
172.0,82.0,21,95
172.0,81.0,21,95
172.0,81.0,21,95
172.0,81.0,21,95
172.0,81.0,21,95
172.0,81.0,21,95
173.0,81.0,21,95
174.0,81.0,21,95
174.0,80.0,21,95
175.0,80.0,21,95
176.0,79.0,21,95
176.0,78.0,21,95
176.0,78.0,21,95
176.0,77.0,21,95
175.0,76.0,21,95
174.0,76.0,21,95
172.0,75.0,21,95
170.0,76.0,21,95
168.0,77.0,21,95
165.0,77.0,21,95
163.0,77.0,21,95
161.0,76.0,21,95
159.0,77.0,21,95
156.0,77.0,21,95
153.0,76.0,21,95
150.0,75.0,21,95
148.0,74.0,21,95
146.0,73.0,21,95
145.0,73.0,21,95
144.0,73.0,21,95
144.0,72.0,21,95
143.0,72.0,21,95
142.0,72.0,21,95
141.0,72.0,21,95
141.0,72.0,21,95
140.0,72.0,21,95
139.0,72.0,21,95
139.0,72.0,21,95
139.0,73.0,21,95
139.0,76.0,21,95
140.0,80.0,21,95
142.0,86.0,21,95
145.0,91.0,21,95
148.0,97.0,21,95
153.0,101.0,21,95
159.0,104.0,21,95
162.0,106.0,21,95
162.0,107.0,21,95
162.0,106.0,21,95
161.0,103.0,21,95
159.0,98.0,21,95
158.0,95.0,21,95
159.0,92.0,21,95
159.0,86.0,21,95
159.0,81.0,21,95
159.0,79.0,21,95
159.0,77.0,21,95
158.0,75.0,21,95
158.0,73.0,21,95
157.0,72.0,21,95
154.0,71.0,21,95
147.0,70.0,21,95
141.0,68.0,21,95
137.0,66.0,21,95
133.0,63.0,21,95
131.0,52.0,21,95
133.0,44.0,21,95
140.0,46.0,21,95
158.0,42.0,21,95
157.0,41.0,21,95
142.0,0,21,95
148.0,0,21,95
156.0,0,21,95
156.0,0,21,95
156.0,0,21,95
170.0,0,21,95
174.0,0,21,95
173.0,0,21,95
171.0,0,21,95
167.0,3.0,21,95
171.0,19.0,21,95
179.0,25.0,21,95
182.0,31.0,21,95
178.0,46.0,21,95
170.0,61.0,21,95
176.0,68.0,21,95
177.0,74.0,21,95
171.0,76.0,21,95
166.0,77.0,21,95
161.0,77.0,21,95
156.0,76.0,21,95
158.0,73.0,21,95
161.0,71.0,21,95
169.0,95.0,21,95
168.0,63.0,21,95
173.0,64.0,21,95
176.0,67.0,21,95
177.0,68.0,21,95
177.0,71.0,21,95
176.0,78.0,21,95
172.0,85.0,21,95
170.0,87.0,21,95
172.0,90.0,21,95
168.0,94.0,21,95