250,168,106,105
246.0,170.0,106,106
238.0,178.0,106,106
222.0,194.0,106,106
216.0,208.0,106,106
220.0,204.0,106,106
220.0,196.0,106,106
216.0,196.0,106,106
192.0,208.0,106,106
154.0,242.0,106,106
194.0,252.0,106,106
246.0,222.0,106,106
230.0,206.0,106,106
220.0,200.0,106,106
210.0,200.0,106,106
196.0,206.0,106,106
196.0,214.0,106,106
206.0,208.0,106,106
220.0,182.0,106,106
220.0,148.0,106,106
202.0,140.0,106,106
208.0,156.0,106,106
234.0,186.0,106,106
260.0,220.0,106,106
272.0,238.0,106,106
260.0,240.0,106,106
246.0,244.0,106,106
240.0,248.0,106,106
234.0,238.0,106,106
228.0,224.0,106,106
228.0,214.0,106,106
234.0,206.0,106,106
244.0,194.0,106,106
242.0,172.0,106,106
230.0,152.0,106,106
224.0,130.0,106,106
230.0,118.0,106,106
246.0,126.0,106,106
254.0,130.0,106,106
258.0,138.0,106,106
268.0,170.0,106,106
270.0,208.0,106,106
276.0,228.0,106,106
278.0,234.0,106,106
274.0,232.0,106,106
266.0,218.0,106,106
266.0,210.0,106,106
268.0,194.0,106,106
270.0,164.0,106,106
272.0,160.0,106,106
272.0,176.0,106,106
268.0,180.0,106,106
266.0,178.0,106,106
270.0,178.0,106,106
276.0,184.0,106,106
284.0,192.0,106,106
280.0,206.0,106,106
258.0,210.0,106,106
226.0,208.0,106,106
204.0,206.0,106,106
208.0,204.0,106,106
230.0,206.0,106,106
264.0,208.0,106,106
304.0,210.0,106,106
330.0,214.0,106,106
330.0,218.0,106,106
316.0,206.0,106,106
294.0,186.0,106,106
264.0,164.0,106,106
244.0,156.0,106,106
244.0,166.0,106,106
252.0,180.0,106,106
256.0,194.0,106,106
270.0,208.0,106,106
294.0,220.0,106,106
308.0,228.0,106,106
306.0,238.0,106,106
298.0,246.0,106,106
286.0,244.0,106,106
262.0,232.0,106,106
232.0,224.0,106,106
214.0,226.0,106,106
212.0,230.0,106,106
220.0,226.0,106,106
236.0,206.0,106,106
252.0,180.0,106,106
266.0,152.0,106,106
292.0,140.0,106,106
318.0,142.0,106,106
326.0,152.0,106,106
326.0,166.0,106,106
314.0,176.0,106,106
294.0,188.0,106,106
270.0,204.0,106,106
250.0,222.0,106,106
236.0,224.0,106,106
222.0,212.0,106,106
212.0,202.0,106,106
206.0,200.0,106,106
214.0,192.0,106,106
230.0,174.0,106,106
244.0,164.0,106,106
260.0,168.0,106,106
276.0,184.0,106,106
296.0,210.0,106,106
306.0,220.0,106,106
294.0,204.0,106,106
260.0,188.0,106,106
216.0,192.0,106,106
180.0,206.0,106,106
166.0,226.0,106,106
164.0,234.0,106,106
178.0,218.0,106,106
200.0,190.0,106,106
224.0,170.0,106,106
234.0,172.0,106,106
230.0,188.0,106,106
226.0,202.0,106,106
222.0,200.0,106,106
230.0,192.0,106,106
240.0,192.0,106,106
238.0,202.0,106,106
224.0,216.0,106,106
210.0,218.0,106,106
204.0,204.0,106,106
200.0,190.0,106,106
196.0,186.0,106,106
200.0,200.0,106,106
210.0,224.0,106,106
208.0,248.0,106,106
202.0,246.0,106,106
202.0,220.0,106,106
204.0,198.0,106,106
194.0,178.0,106,106
174.0,170.0,106,106
164.0,180.0,106,106
172.0,192.0,106,106
186.0,200.0,106,106
202.0,200.0,106,106
226.0,206.0,106,106
252.0,220.0,106,106
278.0,234.0,106,106
296.0,240.0,106,106
286.0,234.0,106,106
254.0,224.0,106,106
208.0,214.0,106,106
174.0,212.0,106,106
144.0,218.0,106,106
112.0,220.0,106,106
120.0,208.0,106,106
162.0,196.0,106,106
214.0,190.0,106,106
228.0,184.0,106,106
230.0,186.0,106,106
238.0,194.0,106,106
244.0,206.0,106,106
232.0,214.0,106,106
202.0,214.0,106,106
176.0,218.0,106,106
180.0,220.0,106,106
210.0,216.0,106,106
258.0,210.0,106,106
278.0,210.0,106,106
272.0,212.0,106,106
262.0,202.0,106,106
254.0,194.0,106,106
250.0,188.0,106,106
256.0,184.0,106,106
270.0,188.0,106,106
278.0,198.0,106,106
268.0,200.0,106,106
244.0,204.0,106,106
214.0,222.0,106,106
192.0,240.0,106,106
180.0,244.0,106,106
184.0,242.0,106,106
204.0,236.0,106,106
212.0,232.0,106,106
198.0,228.0,106,106
180.0,224.0,106,106
176.0,218.0,106,106
194.0,214.0,106,106
234.0,208.0,106,106
278.0,196.0,106,106
280.0,192.0,106,106
252.0,186.0,106,106
218.0,180.0,106,106
200.0,176.0,106,106
184.0,180.0,106,106
172.0,184.0,106,106
176.0,184.0,106,106
204.0,188.0,106,106
258.0,192.0,106,106
294.0,190.0,106,106
294.0,186.0,106,106
278.0,190.0,106,106
258.0,194.0,106,106
238.0,202.0,106,106
214.0,210.0,106,106
182.0,198.0,106,106
150.0,184.0,106,106
146.0,182.0,106,106
164.0,182.0,106,106
188.0,188.0,106,106
198.0,190.0,106,106
194.0,184.0,106,106
200.0,174.0,106,106
210.0,166.0,106,106
218.0,168.0,106,106
220.0,176.0,106,106
212.0,188.0,106,106
206.0,202.0,106,106
216.0,222.0,106,106
228.0,242.0,106,106
216.0,246.0,106,106
198.0,234.0,106,106
188.0,208.0,106,106
186.0,172.0,106,106
194.0,154.0,106,106
208.0,154.0,106,106
224.0,166.0,106,106
242.0,180.0,106,106
248.0,182.0,106,106
240.0,182.0,106,106
218.0,188.0,106,106
198.0,196.0,106,106
192.0,206.0,106,106
194.0,212.0,106,106
192.0,204.0,106,106
192.0,182.0,106,106
204.0,160.0,106,106
236.0,158.0,106,106
274.0,164.0,106,106
298.0,180.0,106,106
304.0,202.0,106,106
302.0,214.0,106,106
302.0,218.0,106,106
306.0,214.0,106,106
296.0,218.0,106,106
272.0,222.0,106,106
246.0,222.0,106,106
238.0,230.0,106,106
226.0,236.0,106,106
214.0,226.0,106,106
216.0,212.0,106,106
220.0,202.0,106,106
226.0,198.0,106,106
242.0,198.0,106,106
258.0,190.0,106,106
264.0,174.0,106,106
268.0,164.0,106,106
278.0,176.0,106,106
290.0,212.0,106,106
286.0,242.0,106,106
270.0,250.0,106,106
260.0,230.0,106,106
254.0,190.0,106,106
248.0,162.0,106,106
244.0,154.0,106,106
232.0,158.0,106,106
216.0,166.0,106,106
222.0,164.0,106,106
250.0,154.0,106,106
272.0,140.0,106,106
286.0,136.0,106,106
286.0,150.0,106,106
270.0,168.0,106,106
252.0,180.0,106,106
244.0,182.0,106,106
248.0,180.0,106,106
256.0,182.0,106,106
246.0,192.0,106,106
220.0,202.0,106,106
210.0,206.0,106,106
220.0,196.0,106,106
236.0,182.0,106,106
248.0,178.0,106,106
248.0,186.0,106,106
248.0,194.0,106,106
246.0,198.0,106,106
238.0,202.0,106,106
222.0,212.0,106,106
216.0,228.0,106,106
226.0,230.0,106,106
230.0,224.0,106,106
224.0,220.0,106,106
222.0,216.0,106,106
232.0,208.0,106,106
258.0,184.0,106,106
282.0,160.0,106,106
288.0,154.0,106,106
288.0,164.0,106,106
282.0,186.0,106,106
276.0,210.0,106,106
270.0,222.0,106,106
250.0,218.0,106,106
228.0,220.0,106,106
226.0,230.0,106,106
236.0,240.0,106,106
244.0,236.0,106,106
246.0,220.0,106,106
248.0,204.0,106,106
264.0,202.0,106,106
294.0,206.0,106,106
308.0,204.0,106,106
302.0,198.0,106,106
290.0,194.0,106,106
280.0,204.0,106,106
274.0,220.0,106,106
264.0,232.0,106,106
262.0,234.0,106,106
270.0,230.0,106,106
274.0,220.0,106,106
270.0,212.0,106,106
266.0,206.0,106,106
264.0,200.0,106,106
268.0,198.0,106,106
276.0,190.0,106,106
278.0,182.0,106,106
280.0,190.0,106,106
286.0,204.0,106,106
294.0,216.0,106,106
298.0,222.0,106,106
284.0,222.0,106,106
258.0,228.0,106,106
234.0,228.0,106,106
222.0,214.0,106,106
210.0,188.0,106,106
212.0,164.0,106,106
220.0,156.0,106,106
232.0,164.0,106,106
248.0,172.0,106,106
254.0,176.0,106,106
262.0,178.0,106,106
274.0,194.0,106,106
290.0,220.0,106,106
300.0,240.0,106,106
294.0,236.0,106,106
284.0,208.0,106,106
274.0,192.0,106,106
256.0,186.0,106,106
234.0,190.0,106,106
226.0,206.0,106,106
234.0,220.0,106,106
248.0,218.0,106,106
272.0,218.0,106,106
282.0,222.0,106,106
284.0,232.0,106,106
280.0,246.0,106,106
278.0,250.0,106,106
278.0,246.0,106,106
280.0,242.0,106,106
282.0,232.0,106,106
284.0,222.0,106,106
278.0,224.0,106,106
268.0,230.0,106,106
260.0,232.0,106,106
258.0,224.0,106,106
260.0,212.0,106,106
256.0,208.0,106,106
250.0,212.0,106,106
256.0,216.0,106,106
268.0,218.0,106,106
284.0,210.0,106,106
298.0,196.0,106,106
300.0,184.0,106,106
294.0,182.0,106,106
290.0,188.0,106,106
286.0,196.0,106,106
268.0,200.0,106,106
246.0,192.0,106,106
230.0,184.0,106,106
228.0,188.0,106,106
234.0,206.0,106,106
256.0,246.0,106,106
280.0,268.0,106,106
304.0,254.0,106,106
320.0,232.0,106,106
320.0,220.0,106,106
304.0,212.0,106,106
282.0,218.0,106,106
254.0,228.0,106,106
230.0,226.0,106,106
248.0,224.0,106,106
286.0,226.0,106,106
316.0,224.0,106,106
334.0,218.0,106,106
344.0,220.0,106,106
350.0,226.0,106,106
354.0,226.0,106,106
354.0,218.0,106,106
344.0,220.0,106,106
322.0,236.0,106,106
302.0,250.0,106,106
300.0,244.0,106,106
310.0,232.0,106,106
320.0,230.0,106,106
332.0,238.0,106,106
350.0,248.0,106,106
360.0,236.0,106,106
346.0,212.0,106,106
310.0,172.0,106,106
290.0,152.0,106,106
286.0,160.0,106,106
284.0,178.0,106,106
276.0,198.0,106,106
254.0,218.0,106,106
232.0,228.0,106,106
222.0,230.0,106,106
224.0,234.0,106,106
234.0,236.0,106,106
250.0,224.0,106,106
254.0,194.0,106,106
244.0,168.0,106,106
238.0,160.0,106,106
232.0,166.0,106,106
216.0,180.0,106,106
198.0,194.0,106,106
192.0,196.0,106,106
188.0,200.0,106,106
182.0,214.0,106,106
186.0,222.0,106,106
206.0,224.0,106,106
238.0,220.0,106,106
270.0,210.0,106,106
294.0,204.0,106,106
312.0,212.0,106,106
312.0,226.0,106,106
290.0,234.0,106,106
244.0,220.0,106,106
214.0,204.0,106,106
190.0,204.0,106,106
182.0,214.0,106,106
206.0,218.0,106,106
232.0,206.0,106,106
248.0,188.0,106,106
264.0,182.0,106,106
290.0,186.0,106,106
320.0,192.0,106,106
334.0,196.0,106,106
328.0,192.0,106,106
304.0,186.0,106,106
268.0,170.0,106,106
240.0,146.0,106,106
250.0,134.0,106,106
280.0,128.0,106,106
296.0,118.0,106,106
302.0,108.0,106,106
304.0,116.0,106,106
304.0,142.0,106,106
306.0,180.0,106,106
308.0,212.0,106,106
306.0,216.0,106,106
304.0,204.0,106,106
298.0,190.0,106,106
292.0,178.0,106,106
290.0,160.0,106,106
290.0,130.0,106,106
290.0,86.0,106,106
306.0,66.0,106,106
322.0,82.0,106,106
332.0,122.0,106,106
322.0,154.0,106,106
304.0,172.0,106,106
292.0,190.0,106,106
282.0,204.0,106,106
274.0,214.0,106,106
268.0,220.0,106,106
272.0,224.0,106,106
280.0,222.0,106,106
288.0,210.0,106,106
294.0,200.0,106,106
306.0,184.0,106,106
314.0,178.0,106,106
320.0,180.0,106,106
332.0,188.0,106,106
332.0,204.0,106,106
320.0,222.0,106,106
298.0,240.0,106,106
276.0,252.0,106,106
264.0,250.0,106,106
260.0,244.0,106,106
244.0,222.0,106,106
238.0,186.0,106,106
260.0,168.0,106,106
280.0,162.0,106,106
294.0,168.0,106,106
308.0,182.0,106,106
324.0,200.0,106,106
340.0,220.0,106,106
346.0,242.0,106,106
342.0,252.0,106,106
326.0,254.0,106,106
296.0,256.0,106,106
258.0,258.0,106,106
220.0,256.0,106,106
214.0,238.0,106,106
222.0,212.0,106,106
222.0,186.0,106,106
236.0,174.0,106,106
264.0,172.0,106,106
294.0,172.0,106,106
310.0,174.0,106,106
316.0,178.0,106,106
320.0,190.0,106,106
324.0,206.0,106,106
314.0,218.0,106,106
282.0,222.0,106,106
242.0,220.0,106,106
200.0,220.0,106,106
180.0,218.0,106,106
194.0,218.0,106,106
228.0,220.0,106,106
248.0,218.0,106,106
254.0,214.0,106,106
276.0,214.0,106,106
332.0,208.0,106,106
366.0,198.0,106,106
350.0,192.0,106,106
296.0,194.0,106,106
224.0,202.0,106,106
166.0,206.0,106,106
162.0,198.0,106,106
190.0,176.0,106,106
216.0,152.0,106,106
218.0,146.0,106,106
220.0,158.0,106,106
230.0,184.0,106,106
236.0,216.0,106,106
232.0,236.0,106,106
238.0,250.0,106,106
246.0,254.0,106,106
236.0,246.0,106,106
218.0,242.0,106,106
222.0,256.0,106,106
248.0,274.0,106,106
270.0,274.0,106,106
270.0,262.0,106,106
270.0,240.0,106,106
278.0,198.0,106,106
268.0,150.0,106,106
250.0,140.0,106,106
234.0,150.0,106,106
226.0,174.0,106,106
222.0,208.0,106,106
222.0,234.0,106,106
230.0,244.0,106,106
238.0,238.0,106,106
244.0,224.0,106,106
242.0,216.0,106,106
254.0,214.0,106,106
276.0,204.0,106,106
278.0,192.0,106,106
266.0,178.0,106,106
274.0,170.0,106,106
290.0,168.0,106,106
292.0,188.0,106,106
278.0,220.0,106,106
268.0,242.0,106,106
278.0,252.0,106,106
284.0,246.0,106,106
272.0,230.0,106,106
266.0,224.0,106,106
268.0,226.0,106,106
268.0,224.0,106,106
262.0,216.0,106,106
254.0,208.0,106,106
250.0,208.0,106,106
244.0,214.0,106,106
234.0,216.0,106,106
234.0,212.0,106,106
256.0,208.0,106,106
280.0,210.0,106,106
270.0,220.0,106,106
250.0,228.0,106,106
248.0,228.0,106,106
256.0,216.0,106,106
262.0,204.0,106,106
262.0,202.0,106,106
266.0,206.0,106,106
274.0,210.0,106,106
272.0,210.0,106,106
264.0,208.0,106,106
264.0,204.0,106,106
266.0,208.0,106,106
268.0,218.0,106,106
260.0,230.0,106,106
256.0,236.0,106,106
264.0,226.0,106,106
276.0,210.0,106,106
274.0,206.0,106,106
266.0,216.0,106,106
258.0,226.0,106,106
256.0,220.0,106,106
258.0,202.0,106,106
262.0,192.0,106,106
264.0,200.0,106,106
264.0,214.0,106,106
258.0,224.0,106,106
252.0,224.0,106,106
254.0,220.0,106,106
256.0,216.0,106,106
248.0,216.0,106,106
240.0,228.0,106,106
236.0,236.0,106,106
238.0,236.0,106,106
240.0,226.0,106,106
238.0,222.0,106,106
236.0,228.0,106,106
236.0,240.0,106,106
240.0,246.0,106,106
240.0,248.0,106,106
238.0,248.0,106,106
236.0,244.0,106,106
228.0,236.0,106,106
228.0,230.0,106,106
230.0,218.0,106,106
228.0,208.0,106,106
226.0,206.0,106,106
230.0,210.0,106,106
232.0,206.0,106,106
236.0,198.0,106,106
240.0,194.0,106,106
240.0,204.0,106,106
240.0,220.0,106,106
242.0,228.0,106,106
240.0,226.0,106,106
240.0,216.0,106,106
250.0,210.0,106,106
252.0,212.0,106,106
248.0,220.0,106,106
240.0,226.0,106,106
236.0,224.0,106,106
240.0,214.0,106,106
238.0,210.0,106,106
228.0,222.0,106,106
222.0,236.0,106,106
224.0,240.0,106,106
234.0,238.0,106,106
256.0,228.0,106,106
264.0,216.0,106,106
248.0,220.0,106,106
230.0,234.0,106,106
246.0,242.0,106,106
268.0,236.0,106,106
262.0,220.0,106,106
240.0,212.0,106,106
226.0,214.0,106,106
222.0,218.0,106,106
224.0,216.0,106,106
226.0,214.0,106,106
220.0,214.0,106,106
218.0,214.0,106,106
226.0,220.0,106,106
226.0,230.0,106,106
240.0,238.0,106,106
290.0,238.0,106,106
300.0,230.0,106,106
274.0,230.0,106,106
228.0,244.0,106,106
204.0,256.0,106,106
208.0,258.0,106,106
232.0,250.0,106,106
240.0,246.0,106,106
230.0,248.0,106,106
214.0,248.0,106,106
202.0,250.0,106,106
208.0,252.0,106,106
224.0,252.0,106,106
230.0,246.0,106,106
230.0,240.0,106,106
222.0,236.0,106,106
220.0,232.0,106,106
230.0,222.0,106,106
232.0,216.0,106,106
230.0,212.0,106,106
230.0,204.0,106,106
234.0,200.0,106,106
236.0,210.0,106,106
228.0,240.0,106,106
218.0,270.0,106,106
216.0,270.0,106,106
222.0,250.0,106,106
230.0,230.0,106,106
238.0,214.0,106,106
244.0,196.0,106,106
238.0,182.0,106,106
232.0,168.0,106,106
234.0,154.0,106,106
238.0,144.0,106,106
246.0,152.0,106,106
254.0,168.0,106,106
258.0,194.0,106,106
260.0,224.0,106,106
262.0,222.0,106,106
258.0,198.0,106,106
258.0,184.0,106,106
272.0,182.0,106,106
294.0,190.0,106,106
300.0,200.0,106,106
288.0,206.0,106,106
276.0,208.0,106,106
276.0,214.0,106,106
282.0,230.0,106,106
290.0,256.0,106,106
296.0,264.0,106,106
288.0,254.0,106,106
278.0,236.0,106,106
274.0,212.0,106,106
272.0,192.0,106,106
270.0,186.0,106,106
270.0,194.0,106,106
278.0,206.0,106,106
290.0,214.0,106,106
292.0,218.0,106,106
288.0,224.0,106,106
282.0,234.0,106,106
276.0,236.0,106,106
276.0,226.0,106,106
276.0,212.0,106,106
276.0,196.0,106,106
280.0,188.0,106,106
280.0,184.0,106,106
282.0,184.0,106,106
292.0,190.0,106,106
308.0,202.0,106,106
314.0,222.0,106,106
296.0,238.0,106,106
264.0,238.0,106,106
242.0,234.0,106,106
226.0,226.0,106,106
212.0,202.0,106,106
212.0,172.0,106,106
226.0,160.0,106,106
246.0,166.0,106,106
258.0,180.0,106,106
262.0,190.0,106,106
266.0,194.0,106,106
270.0,196.0,106,106
274.0,198.0,106,106
274.0,200.0,106,106
274.0,200.0,106,106