288,143,35,42
289.0,143.0,35,42
290.0,142.0,35,42
293.0,142.0,35,42
294.0,141.0,35,42
295.0,140.0,35,42
296.0,140.0,35,42
296.0,140.0,35,42
297.0,140.0,35,42
297.0,141.0,35,42
298.0,142.0,35,42
298.0,142.0,35,42
298.0,143.0,35,42
296.0,143.0,35,42
295.0,141.0,35,42
296.0,141.0,35,42
297.0,143.0,35,42
297.0,143.0,35,42
296.0,143.0,35,42
296.0,144.0,35,42
296.0,145.0,35,42
296.0,146.0,35,42
295.0,147.0,35,42
294.0,148.0,35,42
293.0,148.0,35,42
292.0,149.0,35,42
292.0,149.0,35,42
292.0,149.0,35,42
291.0,150.0,35,42
291.0,150.0,35,42
290.0,150.0,35,42
290.0,150.0,35,42
290.0,150.0,35,42
291.0,150.0,35,42
291.0,149.0,35,42
291.0,148.0,35,42
292.0,148.0,35,42
293.0,148.0,35,42
293.0,148.0,35,42
293.0,148.0,35,42
293.0,148.0,35,42
294.0,148.0,35,42
294.0,148.0,35,42
293.0,148.0,35,42
293.0,148.0,35,42
294.0,147.0,35,42
293.0,148.0,35,42
292.0,149.0,35,42
290.0,149.0,35,42
290.0,150.0,35,42
289.0,151.0,35,42
290.0,151.0,35,42
289.0,151.0,35,42
289.0,151.0,35,42
289.0,152.0,35,42
289.0,152.0,35,42
289.0,153.0,35,42
288.0,154.0,35,42
288.0,155.0,35,42
289.0,155.0,35,42
289.0,155.0,35,42
289.0,155.0,35,42
289.0,155.0,35,42
289.0,155.0,35,42
290.0,154.0,35,42
291.0,154.0,35,42
292.0,154.0,35,42
293.0,154.0,35,42
293.0,154.0,35,42
294.0,155.0,35,42
296.0,155.0,35,42
297.0,156.0,35,42
300.0,157.0,35,42
302.0,158.0,35,42
306.0,159.0,35,42
309.0,162.0,35,42
312.0,167.0,35,42
314.0,173.0,35,42
315.0,179.0,35,42
317.0,185.0,35,42
317.0,191.0,35,42
317.0,195.0,35,42
315.0,199.0,35,42
312.0,202.0,35,42
309.0,204.0,35,42
304.0,204.0,35,42
299.0,202.0,35,42
295.0,198.0,35,42
291.0,192.0,35,42
286.0,183.0,35,42
283.0,173.0,35,42
280.0,161.0,35,42
280.0,151.0,35,42
280.0,144.0,35,42
281.0,138.0,35,42
283.0,133.0,35,42
284.0,130.0,35,42
286.0,129.0,35,42
288.0,131.0,35,42
291.0,135.0,35,42
293.0,142.0,35,42
295.0,150.0,35,42
297.0,161.0,35,42
299.0,174.0,35,42
301.0,185.0,35,42
301.0,193.0,35,42
300.0,198.0,35,42
297.0,199.0,35,42
293.0,196.0,35,42
286.0,189.0,35,42
279.0,180.0,35,42
271.0,172.0,35,42
263.0,165.0,35,42
255.0,161.0,35,42
247.0,159.0,35,42
243.0,160.0,35,42
239.0,161.0,35,42
237.0,163.0,35,42
236.0,167.0,35,42
237.0,172.0,35,42
239.0,176.0,35,42
243.0,178.0,35,42
247.0,176.0,35,42
253.0,170.0,35,42
261.0,161.0,35,42
271.0,153.0,35,42
281.0,147.0,35,42
290.0,143.0,35,42
297.0,141.0,35,42
303.0,141.0,35,42
309.0,142.0,35,42
315.0,145.0,35,42
320.0,150.0,35,42
324.0,157.0,35,42
327.0,168.0,35,42
328.0,178.0,35,42
328.0,185.0,35,42
326.0,190.0,35,42
324.0,192.0,35,42
321.0,190.0,35,42
317.0,185.0,35,42
312.0,178.0,35,42
306.0,169.0,35,42
302.0,159.0,35,42
297.0,151.0,35,42
292.0,145.0,35,42
288.0,141.0,35,42
284.0,140.0,35,42
280.0,141.0,35,42
277.0,144.0,35,42
274.0,149.0,35,42
272.0,155.0,35,42
271.0,163.0,35,42
271.0,168.0,35,42
269.0,171.0,35,42
267.0,171.0,35,42
265.0,170.0,35,42
264.0,168.0,35,42
262.0,165.0,35,42
259.0,161.0,35,42
256.0,157.0,35,42
255.0,154.0,35,42
255.0,153.0,35,42
258.0,153.0,35,42
260.0,156.0,35,42
262.0,159.0,35,42
262.0,164.0,35,42
263.0,170.0,35,42
264.0,177.0,35,42
265.0,184.0,35,42
266.0,189.0,35,42
266.0,191.0,35,42
266.0,188.0,35,42
265.0,182.0,35,42
265.0,175.0,35,42
266.0,168.0,35,42
268.0,164.0,35,42
272.0,161.0,35,42
276.0,160.0,35,42
282.0,160.0,35,42
290.0,161.0,35,42
297.0,164.0,35,42
304.0,167.0,35,42
309.0,170.0,35,42
313.0,171.0,35,42
314.0,170.0,35,42
313.0,170.0,35,42
310.0,169.0,35,42
305.0,170.0,35,42
301.0,174.0,35,42
298.0,180.0,35,42
296.0,187.0,35,42
294.0,194.0,35,42
290.0,201.0,35,42
283.0,206.0,35,42
276.0,206.0,35,42
269.0,202.0,35,42
265.0,195.0,35,42
264.0,186.0,35,42
266.0,177.0,35,42
270.0,171.0,35,42
277.0,168.0,35,42
285.0,168.0,35,42
294.0,170.0,35,42
303.0,176.0,35,42
310.0,183.0,35,42
315.0,191.0,35,42
316.0,196.0,35,42
314.0,200.0,35,42
311.0,202.0,35,42
307.0,200.0,35,42
300.0,196.0,35,42
291.0,190.0,35,42
282.0,186.0,35,42
273.0,183.0,35,42
267.0,182.0,35,42
263.0,183.0,35,42
261.0,185.0,35,42
261.0,188.0,35,42
262.0,188.0,35,42
265.0,186.0,35,42
270.0,181.0,35,42
276.0,175.0,35,42
281.0,172.0,35,42
283.0,173.0,35,42
284.0,175.0,35,42
284.0,177.0,35,42
284.0,181.0,35,42
285.0,183.0,35,42
284.0,183.0,35,42
282.0,182.0,35,42
278.0,177.0,35,42
275.0,169.0,35,42
269.0,162.0,35,42
263.0,156.0,35,42
258.0,153.0,35,42
254.0,152.0,35,42
251.0,153.0,35,42
248.0,155.0,35,42
245.0,158.0,35,42
242.0,162.0,35,42
240.0,168.0,35,42
239.0,173.0,35,42
240.0,174.0,35,42
242.0,173.0,35,42
245.0,169.0,35,42
249.0,164.0,35,42
253.0,158.0,35,42
259.0,154.0,35,42
265.0,152.0,35,42
271.0,150.0,35,42
277.0,150.0,35,42
282.0,150.0,35,42
285.0,149.0,35,42
285.0,151.0,35,42
283.0,154.0,35,42
279.0,154.0,35,42
274.0,152.0,35,42
268.0,146.0,35,42
262.0,139.0,35,42
257.0,134.0,35,42
250.0,130.0,35,42
240.0,127.0,35,42
227.0,131.0,35,42
210.0,140.0,35,42
191.0,149.0,35,42
177.0,161.0,35,42
167.0,176.0,35,42
162.0,188.0,35,42
164.0,195.0,35,42
166.0,202.0,35,42
166.0,205.0,35,42
168.0,202.0,35,42
170.0,196.0,35,42
171.0,191.0,35,42
174.0,184.0,35,42
180.0,178.0,35,42
185.0,176.0,35,42
190.0,178.0,35,42
196.0,181.0,35,42
200.0,186.0,35,42
202.0,191.0,35,42
203.0,197.0,35,42
206.0,202.0,35,42
212.0,207.0,35,42
213.0,213.0,35,42
207.0,219.0,35,42
202.0,221.0,35,42
200.0,219.0,35,42
201.0,214.0,35,42
202.0,208.0,35,42
202.0,205.0,35,42
203.0,205.0,35,42
205.0,206.0,35,42
205.0,208.0,35,42
204.0,213.0,35,42
203.0,218.0,35,42
203.0,221.0,35,42
202.0,221.0,35,42
202.0,217.0,35,42
201.0,210.0,35,42
202.0,203.0,35,42
203.0,197.0,35,42
202.0,193.0,35,42
201.0,192.0,35,42
199.0,192.0,35,42
199.0,193.0,35,42
199.0,195.0,35,42
198.0,199.0,35,42
198.0,204.0,35,42
198.0,208.0,35,42
198.0,207.0,35,42
199.0,202.0,35,42
201.0,197.0,35,42
201.0,194.0,35,42
202.0,193.0,35,42
202.0,193.0,35,42
202.0,195.0,35,42
201.0,198.0,35,42
201.0,202.0,35,42
202.0,207.0,35,42
201.0,213.0,35,42
199.0,220.0,35,42
197.0,223.0,35,42
198.0,222.0,35,42
201.0,217.0,35,42
200.0,210.0,35,42
197.0,203.0,35,42
195.0,196.0,35,42
192.0,191.0,35,42
185.0,188.0,35,42
180.0,186.0,35,42
179.0,185.0,35,42
179.0,186.0,35,42
174.0,190.0,35,42
169.0,197.0,35,42
168.0,204.0,35,42
169.0,209.0,35,42
169.0,213.0,35,42
171.0,214.0,35,42
173.0,211.0,35,42
175.0,208.0,35,42
175.0,206.0,35,42
177.0,206.0,35,42
181.0,206.0,35,42
188.0,209.0,35,42
192.0,213.0,35,42
199.0,218.0,35,42
209.0,223.0,35,42
221.0,227.0,35,42
231.0,230.0,35,42
240.0,226.0,35,42
251.0,217.0,35,42
259.0,205.0,35,42
266.0,197.0,35,42
275.0,191.0,35,42
284.0,187.0,35,42
292.0,186.0,35,42
296.0,187.0,35,42
296.0,191.0,35,42
294.0,198.0,35,42
290.0,206.0,35,42
286.0,217.0,35,42
278.0,224.0,35,42
268.0,228.0,35,42
254.0,231.0,35,42
238.0,232.0,35,42
221.0,233.0,35,42
207.0,237.0,35,42
198.0,239.0,35,42
192.0,241.0,35,42
186.0,242.0,35,42
176.0,244.0,35,42
164.0,239.0,35,42
157.0,230.0,35,42
156.0,219.0,35,42
160.0,205.0,35,42
169.0,196.0,35,42
179.0,193.0,35,42
188.0,195.0,35,42
199.0,200.0,35,42
211.0,208.0,35,42
223.0,220.0,35,42
236.0,232.0,35,42
250.0,243.0,35,42
265.0,250.0,35,42
277.0,253.0,35,42
289.0,253.0,35,42
303.0,249.0,35,42
318.0,244.0,35,42
332.0,238.0,35,42
347.0,234.0,35,42
359.0,231.0,35,42
369.0,231.0,35,42
374.0,230.0,35,42
373.0,232.0,35,42
369.0,234.0,35,42
359.0,237.0,35,42
344.0,243.0,35,42
326.0,251.0,35,42
305.0,257.0,35,42
286.0,260.0,35,42
268.0,258.0,35,42
252.0,252.0,35,42
237.0,245.0,35,42
221.0,240.0,35,42
208.0,234.0,35,42
200.0,229.0,35,42
196.0,223.0,35,42
195.0,219.0,35,42
197.0,218.0,35,42
200.0,218.0,35,42
207.0,218.0,35,42
213.0,220.0,35,42
222.0,221.0,35,42
234.0,219.0,35,42
249.0,214.0,35,42
260.0,207.0,35,42
267.0,201.0,35,42
275.0,196.0,35,42
285.0,192.0,35,42
293.0,190.0,35,42
299.0,191.0,35,42
307.0,194.0,35,42
314.0,200.0,35,42
320.0,208.0,35,42
327.0,219.0,35,42
334.0,229.0,35,42
340.0,236.0,35,42
344.0,238.0,35,42
347.0,236.0,35,42
352.0,230.0,35,42
354.0,222.0,35,42
353.0,216.0,35,42
351.0,211.0,35,42
349.0,209.0,35,42
343.0,207.0,35,42
336.0,207.0,35,42
327.0,211.0,35,42
317.0,217.0,35,42
306.0,226.0,35,42
295.0,236.0,35,42
283.0,242.0,35,42
271.0,242.0,35,42
259.0,236.0,35,42
248.0,229.0,35,42
237.0,222.0,35,42
227.0,216.0,35,42
216.0,212.0,35,42
206.0,209.0,35,42
198.0,207.0,35,42
191.0,206.0,35,42
187.0,207.0,35,42
185.0,206.0,35,42
188.0,202.0,35,42
193.0,195.0,35,42
200.0,186.0,35,42
212.0,176.0,35,42
227.0,170.0,35,42
243.0,168.0,35,42
258.0,170.0,35,42
271.0,175.0,35,42
280.0,180.0,35,42
287.0,185.0,35,42
292.0,193.0,35,42
294.0,199.0,35,42
295.0,202.0,35,42
294.0,201.0,35,42
291.0,196.0,35,42
287.0,187.0,35,42
284.0,177.0,35,42
282.0,169.0,35,42
277.0,165.0,35,42
272.0,164.0,35,42
269.0,169.0,35,42
268.0,173.0,35,42
268.0,178.0,35,42
272.0,185.0,35,42
277.0,193.0,35,42
280.0,204.0,35,42
281.0,211.0,35,42
282.0,214.0,35,42
283.0,212.0,35,42
286.0,205.0,35,42
290.0,192.0,35,42
293.0,179.0,35,42
294.0,170.0,35,42
292.0,161.0,35,42
290.0,153.0,35,42
291.0,145.0,35,42
290.0,139.0,35,42
286.0,138.0,35,42
279.0,138.0,35,42
272.0,139.0,35,42
265.0,142.0,35,42
258.0,145.0,35,42
254.0,148.0,35,42
250.0,151.0,35,42
244.0,156.0,35,42
237.0,163.0,35,42
230.0,170.0,35,42
224.0,179.0,35,42
219.0,187.0,35,42
217.0,194.0,35,42
216.0,198.0,35,42
215.0,200.0,35,42
217.0,196.0,35,42
224.0,188.0,35,42
234.0,175.0,35,42
239.0,161.0,35,42
241.0,148.0,35,42
240.0,138.0,35,42
238.0,129.0,35,42
239.0,124.0,35,42
239.0,122.0,35,42
238.0,125.0,35,42
234.0,131.0,35,42
230.0,138.0,35,42
230.0,148.0,35,42
231.0,159.0,35,42
233.0,171.0,35,42
235.0,182.0,35,42
237.0,188.0,35,42
237.0,191.0,35,42
234.0,192.0,35,42
228.0,189.0,35,42
221.0,182.0,35,42
217.0,175.0,35,42
212.0,172.0,35,42
205.0,172.0,35,42
200.0,173.0,35,42
198.0,175.0,35,42
197.0,178.0,35,42
195.0,182.0,35,42
194.0,188.0,35,42
195.0,194.0,35,42
196.0,198.0,35,42
197.0,197.0,35,42
197.0,192.0,35,42
199.0,183.0,35,42
204.0,174.0,35,42
209.0,168.0,35,42
213.0,165.0,35,42
215.0,165.0,35,42
218.0,166.0,35,42
224.0,169.0,35,42
226.0,174.0,35,42
227.0,181.0,35,42
229.0,187.0,35,42
230.0,195.0,35,42
227.0,203.0,35,42
223.0,210.0,35,42
219.0,214.0,35,42
216.0,214.0,35,42
213.0,210.0,35,42
211.0,202.0,35,42
210.0,190.0,35,42
211.0,179.0,35,42
213.0,168.0,35,42
210.0,159.0,35,42
206.0,154.0,35,42
202.0,150.0,35,42
198.0,147.0,35,42
196.0,147.0,35,42
197.0,149.0,35,42
196.0,154.0,35,42
196.0,161.0,35,42
199.0,168.0,35,42
203.0,176.0,35,42
207.0,186.0,35,42
211.0,193.0,35,42
215.0,197.0,35,42
217.0,197.0,35,42
220.0,190.0,35,42
225.0,179.0,35,42
229.0,166.0,35,42
234.0,152.0,35,42
240.0,142.0,35,42
248.0,133.0,35,42
254.0,123.0,35,42
256.0,117.0,35,42
261.0,115.0,35,42
270.0,111.0,35,42
277.0,106.0,35,42
277.0,112.0,35,42
274.0,119.0,35,42
274.0,128.0,35,42
271.0,142.0,35,42
268.0,156.0,35,42
267.0,169.0,35,42
264.0,176.0,35,42
259.0,179.0,35,42
256.0,177.0,35,42
257.0,166.0,35,42
254.0,155.0,35,42
252.0,147.0,35,42
252.0,138.0,35,42
256.0,131.0,35,42
259.0,125.0,35,42
264.0,124.0,35,42
269.0,124.0,35,42
274.0,127.0,35,42