164,121,27,24
163.0,121.0,27,24
164.0,120.0,27,24
164.0,121.0,27,24
164.0,120.0,27,24
165.0,120.0,27,24
165.0,120.0,27,24
165.0,120.0,27,24
166.0,120.0,27,24
166.0,121.0,27,24
166.0,121.0,27,24
166.0,121.0,27,24
167.0,121.0,27,24
167.0,121.0,27,24
167.0,122.0,27,24
167.0,121.0,27,24
167.0,121.0,27,24
168.0,121.0,27,24
168.0,121.0,27,24
168.0,121.0,27,24
169.0,121.0,27,24
169.0,121.0,27,24
169.0,121.0,27,24
170.0,121.0,27,24
170.0,121.0,27,24
170.0,122.0,27,24
170.0,121.0,27,24
170.0,120.0,27,24
170.0,119.0,27,24
170.0,118.0,27,24
170.0,119.0,27,24
170.0,120.0,27,24
170.0,120.0,27,24
170.0,121.0,27,24
169.0,122.0,27,24
169.0,122.0,27,24
169.0,122.0,27,24
169.0,121.0,27,24
169.0,121.0,27,24
169.0,120.0,27,24
169.0,120.0,27,24
169.0,120.0,27,24
168.0,121.0,27,24
168.0,122.0,27,24
168.0,123.0,27,24
168.0,124.0,27,24
168.0,125.0,27,24
168.0,124.0,27,24
168.0,124.0,27,24
168.0,124.0,27,24
168.0,124.0,27,24
168.0,123.0,27,24
168.0,123.0,27,24
168.0,123.0,27,24
168.0,123.0,27,24
168.0,123.0,27,24
168.0,123.0,27,24
168.0,123.0,27,24
168.0,123.0,27,24
168.0,124.0,27,24
168.0,124.0,27,24
168.0,124.0,27,24
168.0,124.0,27,24
168.0,123.0,27,24
168.0,123.0,27,24
168.0,123.0,27,24
168.0,122.0,27,24
168.0,122.0,27,24
168.0,121.0,27,24
168.0,122.0,27,24
168.0,122.0,27,24
168.0,122.0,27,24
168.0,123.0,27,24
168.0,123.0,27,24
168.0,123.0,27,24
168.0,123.0,27,24
168.0,122.0,27,24
168.0,123.0,27,24
168.0,123.0,27,24
168.0,122.0,27,24
168.0,122.0,27,24
168.0,122.0,27,24
169.0,123.0,27,24
169.0,122.0,27,24
169.0,122.0,27,24
169.0,122.0,27,24
169.0,122.0,27,24
169.0,123.0,27,24
169.0,123.0,27,24
169.0,123.0,27,24
170.0,123.0,27,24
170.0,123.0,27,24
170.0,122.0,27,24
170.0,122.0,27,24
170.0,122.0,27,24
171.0,122.0,27,24
171.0,123.0,27,24
171.0,123.0,27,24
171.0,123.0,27,24
171.0,123.0,27,24
171.0,123.0,27,24
172.0,123.0,27,24
172.0,123.0,27,24
172.0,123.0,27,24
172.0,123.0,27,24
173.0,123.0,27,24
173.0,124.0,27,24
173.0,123.0,27,24
173.0,122.0,27,24
173.0,122.0,27,24
173.0,122.0,27,24
174.0,123.0,27,24
174.0,123.0,27,24
174.0,123.0,27,24
174.0,123.0,27,24
174.0,123.0,27,24
175.0,123.0,27,24
175.0,124.0,27,24
174.0,124.0,27,24
174.0,124.0,27,24
174.0,123.0,27,24
174.0,123.0,27,24
174.0,122.0,27,24
174.0,122.0,27,24
174.0,123.0,27,24
174.0,123.0,27,24
174.0,123.0,27,24
174.0,123.0,27,24
173.0,124.0,27,24
173.0,125.0,27,24
173.0,125.0,27,24
173.0,125.0,27,24
173.0,125.0,27,24
173.0,124.0,27,24
173.0,123.0,27,24
173.0,123.0,27,24
173.0,123.0,27,24
173.0,123.0,27,24
173.0,122.0,27,24
173.0,122.0,27,24
173.0,123.0,27,24
172.0,123.0,27,24
172.0,122.0,27,24
172.0,121.0,27,24
172.0,121.0,27,24
172.0,121.0,27,24
172.0,121.0,27,24
172.0,121.0,27,24
172.0,121.0,27,24
172.0,121.0,27,24
172.0,121.0,27,24
171.0,121.0,27,24
172.0,121.0,27,24
171.0,122.0,27,24
171.0,122.0,27,24
171.0,122.0,27,24
171.0,123.0,27,24
171.0,124.0,27,24
171.0,124.0,27,24
171.0,123.0,27,24
171.0,123.0,27,24
171.0,123.0,27,24
171.0,122.0,27,24
171.0,122.0,27,24
171.0,122.0,27,24
171.0,123.0,27,24
171.0,123.0,27,24
171.0,123.0,27,24
170.0,124.0,27,24
170.0,124.0,27,24
170.0,124.0,27,24
170.0,124.0,27,24
170.0,123.0,27,24
170.0,123.0,27,24
169.0,123.0,27,24
169.0,123.0,27,24
169.0,122.0,27,24
169.0,121.0,27,24
169.0,121.0,27,24
169.0,121.0,27,24
169.0,121.0,27,24
169.0,120.0,27,24
169.0,120.0,27,24
169.0,120.0,27,24
168.0,120.0,27,24
168.0,120.0,27,24
168.0,120.0,27,24
168.0,120.0,27,24
167.0,120.0,27,24
167.0,119.0,27,24
167.0,119.0,27,24
167.0,119.0,27,24
167.0,119.0,27,24
166.0,117.0,27,24
166.0,117.0,27,24
166.0,117.0,27,24
165.0,117.0,27,24
165.0,118.0,27,24
165.0,117.0,27,24
165.0,117.0,27,24
165.0,117.0,27,24
164.0,115.0,27,24
164.0,115.0,27,24
164.0,115.0,27,24
164.0,115.0,27,24
163.0,115.0,27,24
163.0,115.0,27,24
163.0,115.0,27,24
163.0,116.0,27,24
163.0,117.0,27,24
163.0,117.0,27,24
163.0,117.0,27,24
163.0,118.0,27,24
163.0,119.0,27,24
163.0,120.0,27,24
163.0,121.0,27,24
162.0,122.0,27,24
162.0,123.0,27,24
162.0,123.0,27,24
162.0,123.0,27,24
162.0,123.0,27,24
162.0,122.0,27,24
162.0,121.0,27,24
161.0,121.0,27,24
161.0,121.0,27,24
161.0,121.0,27,24
160.0,121.0,27,24
160.0,121.0,27,24
160.0,120.0,27,24
160.0,121.0,27,24
160.0,120.0,27,24
160.0,119.0,27,24
160.0,119.0,27,24
160.0,119.0,27,24
160.0,119.0,27,24
160.0,119.0,27,24
160.0,119.0,27,24
160.0,119.0,27,24
160.0,118.0,27,24
160.0,117.0,27,24
160.0,116.0,27,24
161.0,116.0,27,24
161.0,117.0,27,24
161.0,117.0,27,24
161.0,116.0,27,24
161.0,117.0,27,24
161.0,117.0,27,24
161.0,116.0,27,24
161.0,115.0,27,24
161.0,115.0,27,24
162.0,115.0,27,24
162.0,114.0,27,24
162.0,114.0,27,24
162.0,114.0,27,24
163.0,114.0,27,24
163.0,114.0,27,24
163.0,116.0,27,24
163.0,116.0,27,24
163.0,116.0,27,24
163.0,116.0,27,24
163.0,116.0,27,24
163.0,115.0,27,24
164.0,115.0,27,24
164.0,115.0,27,24
164.0,115.0,27,24
164.0,115.0,27,24
165.0,115.0,27,24
165.0,115.0,27,24
165.0,115.0,27,24
165.0,116.0,27,24
166.0,116.0,27,24
166.0,116.0,27,24
166.0,115.0,27,24
166.0,116.0,27,24
167.0,116.0,27,24
167.0,117.0,27,24
167.0,117.0,27,24
168.0,117.0,27,24
168.0,117.0,27,24
168.0,117.0,27,24
168.0,117.0,27,24
169.0,117.0,27,24
169.0,116.0,27,24
169.0,117.0,27,24
170.0,117.0,27,24
170.0,117.0,27,24
170.0,118.0,27,24
170.0,118.0,27,24
171.0,118.0,27,24
171.0,117.0,27,24
171.0,117.0,27,24
172.0,118.0,27,24
172.0,118.0,27,24
172.0,118.0,27,24
173.0,118.0,27,24
173.0,118.0,27,24
173.0,119.0,27,24
174.0,119.0,27,24
173.0,118.0,27,24
174.0,118.0,27,24
174.0,117.0,27,24
174.0,117.0,27,24
174.0,117.0,27,24
174.0,118.0,27,24
174.0,119.0,27,24
174.0,119.0,27,24
174.0,119.0,27,24
174.0,119.0,27,24
174.0,119.0,27,24
174.0,119.0,27,24
174.0,119.0,27,24
174.0,118.0,27,24
174.0,119.0,27,24
174.0,119.0,27,24
174.0,120.0,27,24
174.0,120.0,27,24
174.0,120.0,27,24
174.0,120.0,27,24
174.0,121.0,27,24
174.0,121.0,27,24
174.0,121.0,27,24
174.0,121.0,27,24
174.0,121.0,27,24
174.0,120.0,27,24
174.0,120.0,27,24
174.0,121.0,27,24
174.0,121.0,27,24
174.0,120.0,27,24
174.0,119.0,27,24
173.0,119.0,27,24
173.0,120.0,27,24
173.0,119.0,27,24
173.0,119.0,27,24
173.0,119.0,27,24
173.0,119.0,27,24
173.0,120.0,27,24
172.0,120.0,27,24
172.0,120.0,27,24
172.0,121.0,27,24
172.0,121.0,27,24
171.0,121.0,27,24
171.0,121.0,27,24
171.0,121.0,27,24
170.0,121.0,27,24
170.0,121.0,27,24
169.0,120.0,27,24
169.0,120.0,27,24
169.0,121.0,27,24
168.0,121.0,27,24
168.0,121.0,27,24
167.0,121.0,27,24
167.0,121.0,27,24
166.0,121.0,27,24
165.0,121.0,27,24
165.0,121.0,27,24
164.0,121.0,27,24
164.0,120.0,27,24
164.0,120.0,27,24
164.0,121.0,27,24
164.0,121.0,27,24
164.0,121.0,27,24
163.0,120.0,27,24
163.0,120.0,27,24
163.0,120.0,27,24
163.0,121.0,27,24
163.0,120.0,27,24
163.0,120.0,27,24
163.0,119.0,27,24
164.0,120.0,27,24
164.0,120.0,27,24
164.0,120.0,27,24
164.0,120.0,27,24
164.0,120.0,27,24
164.0,120.0,27,24
164.0,119.0,27,24
164.0,119.0,27,24
165.0,120.0,27,24
165.0,120.0,27,24
165.0,120.0,27,24
165.0,119.0,27,24
165.0,119.0,27,24
165.0,120.0,27,24
165.0,120.0,27,24
165.0,120.0,27,24
165.0,120.0,27,24
165.0,120.0,27,24
165.0,121.0,27,24
165.0,121.0,27,24
165.0,121.0,27,24
165.0,120.0,27,24
166.0,120.0,27,24
166.0,119.0,27,24
166.0,119.0,27,24
166.0,120.0,27,24
166.0,121.0,27,24
166.0,121.0,27,24
166.0,121.0,27,24
166.0,121.0,27,24
166.0,122.0,27,24
167.0,122.0,27,24
167.0,122.0,27,24
167.0,122.0,27,24
167.0,123.0,27,24
167.0,122.0,27,24
167.0,122.0,27,24
167.0,121.0,27,24
167.0,122.0,27,24
167.0,121.0,27,24
167.0,121.0,27,24
167.0,122.0,27,24
167.0,122.0,27,24
167.0,122.0,27,24
167.0,123.0,27,24
167.0,122.0,27,24
167.0,122.0,27,24
167.0,122.0,27,24
167.0,122.0,27,24
167.0,121.0,27,24
167.0,121.0,27,24
167.0,121.0,27,24
168.0,122.0,27,24
168.0,122.0,27,24
168.0,122.0,27,24
168.0,122.0,27,24
168.0,122.0,27,24
168.0,123.0,27,24
168.0,122.0,27,24
168.0,122.0,27,24
169.0,122.0,27,24
168.0,121.0,27,24
168.0,122.0,27,24
168.0,122.0,27,24
168.0,123.0,27,24
168.0,122.0,27,24
168.0,122.0,27,24
168.0,122.0,27,24
168.0,122.0,27,24
168.0,122.0,27,24
168.0,122.0,27,24
168.0,122.0,27,24
168.0,123.0,27,24
168.0,123.0,27,24
167.0,123.0,27,24
167.0,123.0,27,24
167.0,123.0,27,24
167.0,123.0,27,24
167.0,122.0,27,24
166.0,123.0,27,24
166.0,123.0,27,24
166.0,123.0,27,24
166.0,122.0,27,24
165.0,123.0,27,24
164.0,124.0,27,24
164.0,123.0,27,24
164.0,123.0,27,24
163.0,123.0,27,24
163.0,123.0,27,24
162.0,124.0,27,24
162.0,124.0,27,24
161.0,124.0,27,24
161.0,124.0,27,24
161.0,124.0,27,24
160.0,123.0,27,24
160.0,123.0,27,24
159.0,124.0,27,24
159.0,125.0,27,24
158.0,124.0,27,24
158.0,124.0,27,24
157.0,125.0,27,24
157.0,125.0,27,24
156.0,124.0,27,24
155.0,124.0,27,24
155.0,124.0,27,24
154.0,123.0,27,24
154.0,124.0,27,24
153.0,124.0,27,24
152.0,123.0,27,24
152.0,123.0,27,24
151.0,123.0,27,24
151.0,123.0,27,24
150.0,123.0,27,24
149.0,124.0,27,24
149.0,123.0,27,24
148.0,122.0,27,24
148.0,122.0,27,24
147.0,124.0,27,24
147.0,123.0,27,24
146.0,123.0,27,24
145.0,123.0,27,24
145.0,122.0,27,24
145.0,123.0,27,24
144.0,123.0,27,24
144.0,123.0,27,24
143.0,123.0,27,24
143.0,123.0,27,24
143.0,122.0,27,24
142.0,123.0,27,24
142.0,123.0,27,24
142.0,124.0,27,24
141.0,122.0,27,24
141.0,122.0,27,24
140.0,122.0,27,24
140.0,122.0,27,24
139.0,122.0,27,24
139.0,122.0,27,24
139.0,122.0,27,24
138.0,123.0,27,24
138.0,122.0,27,24
137.0,123.0,27,24
137.0,123.0,27,24
137.0,123.0,27,24
137.0,122.0,27,24
136.0,122.0,27,24
136.0,123.0,27,24
135.0,123.0,27,24
135.0,123.0,27,24
134.0,122.0,27,24
134.0,122.0,27,24
133.0,122.0,27,24
133.0,123.0,27,24
133.0,123.0,27,24
132.0,122.0,27,24
132.0,122.0,27,24
132.0,122.0,27,24
131.0,122.0,27,24
130.0,122.0,27,24
130.0,122.0,27,24
129.0,122.0,27,24
129.0,121.0,27,24
129.0,122.0,27,24
128.0,123.0,27,24
128.0,123.0,27,24
127.0,123.0,27,24
127.0,122.0,27,24
126.0,122.0,27,24
125.0,122.0,27,24
125.0,122.0,27,24
124.0,121.0,27,24
123.0,122.0,27,24
123.0,121.0,27,24
122.0,121.0,27,24
122.0,121.0,27,24
121.0,121.0,27,24
121.0,121.0,27,24
120.0,121.0,27,24
120.0,120.0,27,24
119.0,121.0,27,24
118.0,122.0,27,24
118.0,122.0,27,24
117.0,122.0,27,24
117.0,122.0,27,24
116.0,123.0,27,24
115.0,123.0,27,24
114.0,123.0,27,24
114.0,123.0,27,24
114.0,122.0,27,24
113.0,122.0,27,24
113.0,122.0,27,24
112.0,122.0,27,24
112.0,123.0,27,24
112.0,123.0,27,24
112.0,123.0,27,24
111.0,122.0,27,24
111.0,122.0,27,24
111.0,122.0,27,24
110.0,123.0,27,24
110.0,122.0,27,24
110.0,122.0,27,24
110.0,123.0,27,24
109.0,123.0,27,24
109.0,123.0,27,24
109.0,123.0,27,24
109.0,123.0,27,24
109.0,123.0,27,24
109.0,122.0,27,24
109.0,121.0,27,24
108.0,121.0,27,24
108.0,122.0,27,24
108.0,122.0,27,24
108.0,122.0,27,24
108.0,123.0,27,24
107.0,123.0,27,24
107.0,124.0,27,24
107.0,123.0,27,24
107.0,122.0,27,24
107.0,122.0,27,24
107.0,122.0,27,24
107.0,122.0,27,24
107.0,122.0,27,24
106.0,122.0,27,24
107.0,122.0,27,24
106.0,122.0,27,24
106.0,121.0,27,24
106.0,122.0,27,24
106.0,121.0,27,24
106.0,121.0,27,24
106.0,120.0,27,24
105.0,120.0,27,24
105.0,121.0,27,24
105.0,121.0,27,24
105.0,121.0,27,24
105.0,122.0,27,24
105.0,122.0,27,24
105.0,122.0,27,24
105.0,121.0,27,24
105.0,121.0,27,24
104.0,121.0,27,24
104.0,121.0,27,24
104.0,122.0,27,24
104.0,122.0,27,24
104.0,122.0,27,24
104.0,122.0,27,24
104.0,121.0,27,24
104.0,121.0,27,24
104.0,121.0,27,24
103.0,120.0,27,24
103.0,120.0,27,24
103.0,121.0,27,24
103.0,121.0,27,24
103.0,121.0,27,24
103.0,121.0,27,24
103.0,122.0,27,24
103.0,121.0,27,24
103.0,120.0,27,24
103.0,120.0,27,24
103.0,120.0,27,24
103.0,121.0,27,24
103.0,121.0,27,24
102.0,121.0,27,24
102.0,121.0,27,24
102.0,121.0,27,24
103.0,121.0,27,24
102.0,121.0,27,24
102.0,120.0,27,24
102.0,120.0,27,24
102.0,120.0,27,24
102.0,120.0,27,24
102.0,120.0,27,24
102.0,120.0,27,24
102.0,120.0,27,24
102.0,120.0,27,24
102.0,120.0,27,24
102.0,120.0,27,24
102.0,121.0,27,24
102.0,120.0,27,24
101.0,121.0,27,24
101.0,120.0,27,24
101.0,120.0,27,24
101.0,120.0,27,24
101.0,120.0,27,24
101.0,120.0,27,24
101.0,120.0,27,24
101.0,120.0,27,24
100.0,120.0,27,24
100.0,120.0,27,24
100.0,121.0,27,24
100.0,122.0,27,24
100.0,122.0,27,24
100.0,121.0,27,24
100.0,122.0,27,24
100.0,122.0,27,24
100.0,122.0,27,24
100.0,122.0,27,24
99.0,122.0,27,24
99.0,123.0,27,24
99.0,122.0,27,24
99.0,123.0,27,24
98.0,122.0,27,24
98.0,123.0,27,24
98.0,123.0,27,24
98.0,123.0,27,24
97.0,122.0,27,24
97.0,121.0,27,24
97.0,122.0,27,24
97.0,122.0,27,24
97.0,122.0,27,24
96.0,122.0,27,24
96.0,122.0,27,24
96.0,122.0,27,24
96.0,123.0,27,24
95.0,122.0,27,24
95.0,123.0,27,24
95.0,123.0,27,24
95.0,123.0,27,24
95.0,123.0,27,24
95.0,123.0,27,24
95.0,123.0,27,24
95.0,124.0,27,24
94.0,124.0,27,24
94.0,124.0,27,24
94.0,125.0,27,24
94.0,125.0,27,24
94.0,124.0,27,24
94.0,123.0,27,24
94.0,122.0,27,24
94.0,123.0,27,24
94.0,124.0,27,24
94.0,123.0,27,24
94.0,124.0,27,24
93.0,124.0,27,24
93.0,123.0,27,24
93.0,123.0,27,24
93.0,124.0,27,24
93.0,123.0,27,24
93.0,122.0,27,24
93.0,121.0,27,24
93.0,121.0,27,24
93.0,122.0,27,24
93.0,122.0,27,24
93.0,122.0,27,24
93.0,122.0,27,24
93.0,122.0,27,24
93.0,121.0,27,24
93.0,121.0,27,24
93.0,121.0,27,24
93.0,121.0,27,24
93.0,121.0,27,24
93.0,121.0,27,24
93.0,121.0,27,24
93.0,121.0,27,24
93.0,121.0,27,24
94.0,121.0,27,24
94.0,121.0,27,24
94.0,121.0,27,24
94.0,121.0,27,24
94.0,122.0,27,24
94.0,121.0,27,24
94.0,121.0,27,24
94.0,120.0,27,24
94.0,120.0,27,24
95.0,121.0,27,24
95.0,121.0,27,24
95.0,121.0,27,24
95.0,121.0,27,24
95.0,121.0,27,24
96.0,121.0,27,24
96.0,121.0,27,24
96.0,122.0,27,24
97.0,122.0,27,24
97.0,122.0,27,24
97.0,120.0,27,24
97.0,121.0,27,24
97.0,121.0,27,24
97.0,121.0,27,24
97.0,121.0,27,24
97.0,121.0,27,24
98.0,121.0,27,24
98.0,122.0,27,24
98.0,122.0,27,24
98.0,122.0,27,24
98.0,122.0,27,24
99.0,121.0,27,24
99.0,121.0,27,24
99.0,122.0,27,24
99.0,122.0,27,24
99.0,122.0,27,24
99.0,121.0,27,24
99.0,121.0,27,24
99.0,122.0,27,24
100.0,122.0,27,24
100.0,122.0,27,24
100.0,122.0,27,24
100.0,121.0,27,24
100.0,121.0,27,24
100.0,122.0,27,24
100.0,121.0,27,24
101.0,122.0,27,24
101.0,122.0,27,24
101.0,122.0,27,24
101.0,122.0,27,24
101.0,122.0,27,24
101.0,122.0,27,24
101.0,122.0,27,24
101.0,123.0,27,24
102.0,122.0,27,24
102.0,122.0,27,24
102.0,122.0,27,24
102.0,123.0,27,24
102.0,123.0,27,24
102.0,123.0,27,24
102.0,122.0,27,24
102.0,121.0,27,24
103.0,121.0,27,24
103.0,122.0,27,24
103.0,122.0,27,24
103.0,122.0,27,24
104.0,123.0,27,24
104.0,122.0,27,24
104.0,122.0,27,24
104.0,123.0,27,24
104.0,123.0,27,24
105.0,123.0,27,24
105.0,123.0,27,24
105.0,122.0,27,24
105.0,123.0,27,24
105.0,124.0,27,24
106.0,124.0,27,24
106.0,122.0,27,24
106.0,121.0,27,24
106.0,123.0,27,24
106.0,123.0,27,24
106.0,123.0,27,24
106.0,123.0,27,24
106.0,122.0,27,24
106.0,122.0,27,24
105.0,122.0,27,24
106.0,123.0,27,24
105.0,123.0,27,24
105.0,123.0,27,24
105.0,122.0,27,24
105.0,122.0,27,24
105.0,123.0,27,24
105.0,123.0,27,24
105.0,123.0,27,24
105.0,123.0,27,24
105.0,122.0,27,24
105.0,123.0,27,24
104.0,123.0,27,24
104.0,123.0,27,24
104.0,123.0,27,24
104.0,123.0,27,24
104.0,123.0,27,24
104.0,123.0,27,24
104.0,123.0,27,24
104.0,123.0,27,24
104.0,123.0,27,24
103.0,123.0,27,24
103.0,123.0,27,24
103.0,124.0,27,24
103.0,125.0,27,24
103.0,125.0,27,24
103.0,124.0,27,24
103.0,124.0,27,24
104.0,124.0,27,24
104.0,124.0,27,24
104.0,124.0,27,24
103.0,123.0,27,24
103.0,124.0,27,24
104.0,124.0,27,24
104.0,125.0,27,24
103.0,125.0,27,24
104.0,126.0,27,24
103.0,125.0,27,24
103.0,125.0,27,24
103.0,124.0,27,24
103.0,124.0,27,24
104.0,125.0,27,24
103.0,125.0,27,24
103.0,125.0,27,24
103.0,125.0,27,24
103.0,125.0,27,24
103.0,125.0,27,24
103.0,124.0,27,24
103.0,124.0,27,24
103.0,124.0,27,24
103.0,124.0,27,24
102.0,124.0,27,24
102.0,124.0,27,24
102.0,124.0,27,24
102.0,124.0,27,24
102.0,124.0,27,24
102.0,124.0,27,24
102.0,124.0,27,24
102.0,125.0,27,24
102.0,125.0,27,24
102.0,124.0,27,24
102.0,123.0,27,24
102.0,124.0,27,24
102.0,124.0,27,24
102.0,123.0,27,24
102.0,123.0,27,24
102.0,124.0,27,24
102.0,124.0,27,24
102.0,124.0,27,24
102.0,124.0,27,24
102.0,124.0,27,24
102.0,124.0,27,24
102.0,124.0,27,24
102.0,124.0,27,24
102.0,124.0,27,24
102.0,124.0,27,24
102.0,124.0,27,24
102.0,123.0,27,24
102.0,123.0,27,24
102.0,123.0,27,24
102.0,124.0,27,24
102.0,125.0,27,24
102.0,124.0,27,24
102.0,124.0,27,24
102.0,125.0,27,24
102.0,125.0,27,24
102.0,125.0,27,24
102.0,125.0,27,24
102.0,125.0,27,24
102.0,125.0,27,24
102.0,125.0,27,24
102.0,126.0,27,24
102.0,127.0,27,24
102.0,127.0,27,24
102.0,126.0,27,24
101.0,125.0,27,24
102.0,124.0,27,24
101.0,125.0,27,24
101.0,124.0,27,24
101.0,125.0,27,24
101.0,125.0,27,24
101.0,126.0,27,24
101.0,126.0,27,24
101.0,127.0,27,24
101.0,126.0,27,24
101.0,126.0,27,24
101.0,125.0,27,24
101.0,124.0,27,24
101.0,124.0,27,24
101.0,125.0,27,24
100.0,125.0,27,24
100.0,125.0,27,24
100.0,125.0,27,24
100.0,125.0,27,24
100.0,125.0,27,24
100.0,125.0,27,24
100.0,124.0,27,24
100.0,124.0,27,24
100.0,124.0,27,24
100.0,124.0,27,24
100.0,124.0,27,24
100.0,124.0,27,24
100.0,124.0,27,24
100.0,124.0,27,24
100.0,124.0,27,24
100.0,124.0,27,24
100.0,125.0,27,24
100.0,125.0,27,24
100.0,124.0,27,24
100.0,123.0,27,24
101.0,123.0,27,24
101.0,123.0,27,24
101.0,123.0,27,24
101.0,123.0,27,24
101.0,123.0,27,24
101.0,123.0,27,24
102.0,123.0,27,24
102.0,123.0,27,24
102.0,123.0,27,24
103.0,124.0,27,24
103.0,123.0,27,24
103.0,123.0,27,24
103.0,123.0,27,24
103.0,124.0,27,24
103.0,124.0,27,24
103.0,124.0,27,24
104.0,124.0,27,24
104.0,124.0,27,24
105.0,125.0,27,24
105.0,125.0,27,24
105.0,125.0,27,24
105.0,125.0,27,24
105.0,125.0,27,24
106.0,125.0,27,24
106.0,126.0,27,24
106.0,126.0,27,24
106.0,126.0,27,24
106.0,126.0,27,24
106.0,125.0,27,24
106.0,125.0,27,24
106.0,125.0,27,24
106.0,126.0,27,24
106.0,124.0,27,24
106.0,125.0,27,24
106.0,124.0,27,24
106.0,124.0,27,24
107.0,124.0,27,24
106.0,124.0,27,24
107.0,124.0,27,24
107.0,124.0,27,24
107.0,124.0,27,24
107.0,124.0,27,24
107.0,124.0,27,24
107.0,124.0,27,24
107.0,124.0,27,24
107.0,123.0,27,24
107.0,123.0,27,24
107.0,123.0,27,24
107.0,123.0,27,24
107.0,123.0,27,24
107.0,123.0,27,24
107.0,123.0,27,24
107.0,124.0,27,24
107.0,125.0,27,24
107.0,125.0,27,24
107.0,126.0,27,24
107.0,126.0,27,24
106.0,126.0,27,24
106.0,126.0,27,24
106.0,126.0,27,24
106.0,126.0,27,24
105.0,126.0,27,24
105.0,126.0,27,24
105.0,127.0,27,24
104.0,128.0,27,24
103.0,128.0,27,24
103.0,127.0,27,24
102.0,126.0,27,24
101.0,127.0,27,24
101.0,127.0,27,24
100.0,128.0,27,24
100.0,128.0,27,24
99.0,128.0,27,24
99.0,128.0,27,24
99.0,128.0,27,24
98.0,127.0,27,24
98.0,127.0,27,24
98.0,127.0,27,24
97.0,128.0,27,24
97.0,128.0,27,24
97.0,127.0,27,24
96.0,128.0,27,24
96.0,128.0,27,24
96.0,128.0,27,24
96.0,127.0,27,24
96.0,127.0,27,24
95.0,127.0,27,24
95.0,127.0,27,24
95.0,127.0,27,24
94.0,127.0,27,24
94.0,127.0,27,24
94.0,127.0,27,24
94.0,127.0,27,24
94.0,127.0,27,24
93.0,127.0,27,24
93.0,127.0,27,24
93.0,126.0,27,24
93.0,126.0,27,24
93.0,126.0,27,24
93.0,126.0,27,24
92.0,126.0,27,24
92.0,125.0,27,24
92.0,126.0,27,24
92.0,126.0,27,24
92.0,127.0,27,24
92.0,126.0,27,24
92.0,126.0,27,24
92.0,126.0,27,24
92.0,126.0,27,24
92.0,126.0,27,24
92.0,127.0,27,24
91.0,127.0,27,24
92.0,127.0,27,24
92.0,127.0,27,24
92.0,126.0,27,24
92.0,126.0,27,24
92.0,127.0,27,24
92.0,128.0,27,24
92.0,127.0,27,24
92.0,127.0,27,24
92.0,129.0,27,24
92.0,129.0,27,24
92.0,130.0,27,24
92.0,130.0,27,24
92.0,130.0,27,24
92.0,129.0,27,24
92.0,129.0,27,24
92.0,129.0,27,24
93.0,130.0,27,24
93.0,130.0,27,24
93.0,130.0,27,24
93.0,129.0,27,24
93.0,130.0,27,24
93.0,130.0,27,24
93.0,131.0,27,24
93.0,130.0,27,24
93.0,129.0,27,24
93.0,128.0,27,24
93.0,128.0,27,24
93.0,128.0,27,24
93.0,128.0,27,24
93.0,128.0,27,24
93.0,128.0,27,24
93.0,128.0,27,24
93.0,128.0,27,24
93.0,128.0,27,24
93.0,128.0,27,24
93.0,129.0,27,24
92.0,128.0,27,24
92.0,128.0,27,24
92.0,128.0,27,24
92.0,128.0,27,24
92.0,128.0,27,24
91.0,127.0,27,24
91.0,126.0,27,24
91.0,127.0,27,24
91.0,127.0,27,24
91.0,127.0,27,24
91.0,127.0,27,24
91.0,127.0,27,24
91.0,127.0,27,24
91.0,127.0,27,24
91.0,128.0,27,24
90.0,127.0,27,24
90.0,127.0,27,24
90.0,127.0,27,24
90.0,127.0,27,24
90.0,127.0,27,24
90.0,128.0,27,24
90.0,126.0,27,24
90.0,126.0,27,24
89.0,126.0,27,24
89.0,127.0,27,24
89.0,127.0,27,24
89.0,127.0,27,24
89.0,127.0,27,24
89.0,127.0,27,24
89.0,126.0,27,24
89.0,126.0,27,24
89.0,126.0,27,24
89.0,126.0,27,24
89.0,126.0,27,24
88.0,126.0,27,24
88.0,126.0,27,24
88.0,125.0,27,24
88.0,126.0,27,24
88.0,126.0,27,24
88.0,126.0,27,24
88.0,127.0,27,24
87.0,126.0,27,24
88.0,127.0,27,24
88.0,127.0,27,24
87.0,127.0,27,24
87.0,126.0,27,24
88.0,127.0,27,24
88.0,127.0,27,24
87.0,127.0,27,24
87.0,127.0,27,24
87.0,127.0,27,24
87.0,127.0,27,24
87.0,128.0,27,24
87.0,127.0,27,24
87.0,128.0,27,24
87.0,127.0,27,24
87.0,127.0,27,24
87.0,126.0,27,24
87.0,126.0,27,24
87.0,127.0,27,24
87.0,128.0,27,24
87.0,128.0,27,24
88.0,128.0,27,24
88.0,128.0,27,24
88.0,128.0,27,24
88.0,128.0,27,24
88.0,128.0,27,24
88.0,128.0,27,24
88.0,129.0,27,24
88.0,128.0,27,24
88.0,127.0,27,24
88.0,127.0,27,24
89.0,127.0,27,24
88.0,126.0,27,24
88.0,126.0,27,24
89.0,127.0,27,24
89.0,127.0,27,24
88.0,127.0,27,24
89.0,128.0,27,24
89.0,127.0,27,24
89.0,127.0,27,24
89.0,127.0,27,24
89.0,127.0,27,24
89.0,127.0,27,24
89.0,128.0,27,24
89.0,128.0,27,24
89.0,129.0,27,24
89.0,129.0,27,24
89.0,129.0,27,24
89.0,130.0,27,24
89.0,129.0,27,24
89.0,128.0,27,24
89.0,127.0,27,24
89.0,128.0,27,24
89.0,128.0,27,24
89.0,128.0,27,24
89.0,128.0,27,24
89.0,128.0,27,24
89.0,128.0,27,24
89.0,129.0,27,24
89.0,129.0,27,24
89.0,129.0,27,24
88.0,128.0,27,24
88.0,129.0,27,24
88.0,128.0,27,24
88.0,128.0,27,24
88.0,129.0,27,24
88.0,129.0,27,24
88.0,128.0,27,24
88.0,127.0,27,24
88.0,127.0,27,24
88.0,127.0,27,24
88.0,128.0,27,24
88.0,128.0,27,24
88.0,128.0,27,24
88.0,128.0,27,24
88.0,128.0,27,24
88.0,128.0,27,24
88.0,128.0,27,24
88.0,129.0,27,24
88.0,129.0,27,24
88.0,128.0,27,24
88.0,128.0,27,24
88.0,129.0,27,24
88.0,130.0,27,24
88.0,130.0,27,24
88.0,130.0,27,24
88.0,129.0,27,24
88.0,129.0,27,24
88.0,130.0,27,24
88.0,130.0,27,24
88.0,130.0,27,24
88.0,130.0,27,24
88.0,130.0,27,24
89.0,130.0,27,24
89.0,130.0,27,24
89.0,130.0,27,24
89.0,130.0,27,24
89.0,130.0,27,24
89.0,130.0,27,24
89.0,129.0,27,24
90.0,130.0,27,24
90.0,130.0,27,24
90.0,130.0,27,24
90.0,128.0,27,24
90.0,127.0,27,24
90.0,128.0,27,24
90.0,128.0,27,24
91.0,129.0,27,24
91.0,129.0,27,24
91.0,130.0,27,24
91.0,130.0,27,24
91.0,129.0,27,24
91.0,129.0,27,24
91.0,129.0,27,24
92.0,128.0,27,24
92.0,128.0,27,24
91.0,127.0,27,24
92.0,128.0,27,24
92.0,129.0,27,24
92.0,129.0,27,24
92.0,129.0,27,24
92.0,129.0,27,24
92.0,129.0,27,24
92.0,130.0,27,24
92.0,130.0,27,24
92.0,130.0,27,24
92.0,130.0,27,24
93.0,130.0,27,24
93.0,130.0,27,24
93.0,130.0,27,24
93.0,130.0,27,24
93.0,130.0,27,24
93.0,129.0,27,24
93.0,129.0,27,24
94.0,130.0,27,24
94.0,130.0,27,24
94.0,131.0,27,24
94.0,130.0,27,24
94.0,130.0,27,24
94.0,129.0,27,24
94.0,129.0,27,24
94.0,129.0,27,24
94.0,129.0,27,24
94.0,129.0,27,24
94.0,129.0,27,24
94.0,129.0,27,24
94.0,128.0,27,24
94.0,128.0,27,24
94.0,129.0,27,24
95.0,129.0,27,24
95.0,129.0,27,24
95.0,128.0,27,24
95.0,128.0,27,24
95.0,128.0,27,24
95.0,128.0,27,24
95.0,128.0,27,24
95.0,128.0,27,24
95.0,129.0,27,24
94.0,129.0,27,24
95.0,130.0,27,24
94.0,129.0,27,24
94.0,129.0,27,24
94.0,129.0,27,24
94.0,128.0,27,24
94.0,128.0,27,24
94.0,128.0,27,24
94.0,128.0,27,24
94.0,128.0,27,24
94.0,128.0,27,24
94.0,128.0,27,24
94.0,129.0,27,24
94.0,129.0,27,24
94.0,129.0,27,24
94.0,129.0,27,24
94.0,129.0,27,24
94.0,129.0,27,24
93.0,129.0,27,24
93.0,129.0,27,24
93.0,129.0,27,24
93.0,129.0,27,24
93.0,129.0,27,24
93.0,129.0,27,24
93.0,130.0,27,24
93.0,129.0,27,24
93.0,129.0,27,24
93.0,129.0,27,24
93.0,128.0,27,24
93.0,128.0,27,24
93.0,129.0,27,24
93.0,129.0,27,24
93.0,129.0,27,24
93.0,129.0,27,24
93.0,129.0,27,24
93.0,130.0,27,24
93.0,130.0,27,24
92.0,130.0,27,24
92.0,129.0,27,24
92.0,129.0,27,24
92.0,129.0,27,24
92.0,129.0,27,24
92.0,129.0,27,24
92.0,129.0,27,24
92.0,129.0,27,24
92.0,129.0,27,24
92.0,129.0,27,24
92.0,130.0,27,24
92.0,131.0,27,24
92.0,130.0,27,24
92.0,130.0,27,24
92.0,129.0,27,24
92.0,129.0,27,24
92.0,129.0,27,24
92.0,129.0,27,24
92.0,129.0,27,24
92.0,129.0,27,24
92.0,129.0,27,24
92.0,129.0,27,24
92.0,129.0,27,24
92.0,129.0,27,24
92.0,130.0,27,24
92.0,129.0,27,24
92.0,128.0,27,24
92.0,128.0,27,24
92.0,129.0,27,24
92.0,128.0,27,24
92.0,128.0,27,24
92.0,128.0,27,24
92.0,128.0,27,24
92.0,129.0,27,24
92.0,129.0,27,24
92.0,128.0,27,24
92.0,128.0,27,24
92.0,128.0,27,24
92.0,128.0,27,24
92.0,128.0,27,24
92.0,128.0,27,24
92.0,128.0,27,24
92.0,127.0,27,24
92.0,126.0,27,24
92.0,125.0,27,24
92.0,126.0,27,24
92.0,126.0,27,24
91.0,126.0,27,24
91.0,127.0,27,24
91.0,127.0,27,24
91.0,128.0,27,24
91.0,128.0,27,24
91.0,128.0,27,24
91.0,129.0,27,24
91.0,128.0,27,24
91.0,128.0,27,24
91.0,127.0,27,24
90.0,127.0,27,24
90.0,127.0,27,24
90.0,128.0,27,24
90.0,128.0,27,24
90.0,128.0,27,24
89.0,128.0,27,24
89.0,128.0,27,24
89.0,129.0,27,24
89.0,128.0,27,24
88.0,128.0,27,24
88.0,128.0,27,24
88.0,128.0,27,24
88.0,127.0,27,24
87.0,127.0,27,24
87.0,126.0,27,24
87.0,127.0,27,24
87.0,127.0,27,24
86.0,127.0,27,24
86.0,127.0,27,24
86.0,127.0,27,24
85.0,126.0,27,24
85.0,126.0,27,24
85.0,127.0,27,24
84.0,129.0,27,24
84.0,129.0,27,24
84.0,129.0,27,24
83.0,128.0,27,24
83.0,128.0,27,24
83.0,128.0,27,24
82.0,127.0,27,24
82.0,127.0,27,24
81.0,127.0,27,24
81.0,127.0,27,24
81.0,127.0,27,24
80.0,127.0,27,24
80.0,128.0,27,24
80.0,128.0,27,24
79.0,128.0,27,24
79.0,128.0,27,24
79.0,129.0,27,24
78.0,129.0,27,24
78.0,129.0,27,24
77.0,128.0,27,24
77.0,127.0,27,24
77.0,127.0,27,24
76.0,127.0,27,24
76.0,127.0,27,24
76.0,127.0,27,24
75.0,125.0,27,24
75.0,125.0,27,24
75.0,125.0,27,24
74.0,124.0,27,24
73.0,125.0,27,24
73.0,125.0,27,24
73.0,125.0,27,24
72.0,125.0,27,24
72.0,124.0,27,24
72.0,125.0,27,24
72.0,125.0,27,24
71.0,125.0,27,24
71.0,124.0,27,24
71.0,123.0,27,24
71.0,123.0,27,24
71.0,123.0,27,24
70.0,124.0,27,24
70.0,124.0,27,24
70.0,124.0,27,24
69.0,124.0,27,24
69.0,123.0,27,24
69.0,122.0,27,24
69.0,123.0,27,24
69.0,123.0,27,24
69.0,122.0,27,24
68.0,122.0,27,24
68.0,123.0,27,24
68.0,123.0,27,24
68.0,124.0,27,24
68.0,123.0,27,24
68.0,122.0,27,24
67.0,122.0,27,24
67.0,122.0,27,24
67.0,123.0,27,24
67.0,122.0,27,24
67.0,122.0,27,24
67.0,122.0,27,24
67.0,122.0,27,24
66.0,122.0,27,24
66.0,122.0,27,24
66.0,122.0,27,24
66.0,121.0,27,24
66.0,121.0,27,24
66.0,122.0,27,24
65.0,122.0,27,24
65.0,122.0,27,24
65.0,122.0,27,24
65.0,123.0,27,24
65.0,122.0,27,24
65.0,123.0,27,24
64.0,123.0,27,24
64.0,122.0,27,24
64.0,123.0,27,24
64.0,122.0,27,24
64.0,123.0,27,24
64.0,123.0,27,24
64.0,123.0,27,24
63.0,122.0,27,24
63.0,122.0,27,24
63.0,121.0,27,24
63.0,121.0,27,24
62.0,122.0,27,24
62.0,122.0,27,24
62.0,122.0,27,24
61.0,122.0,27,24
61.0,122.0,27,24
61.0,122.0,27,24
61.0,122.0,27,24
61.0,122.0,27,24
60.0,122.0,27,24
60.0,122.0,27,24
60.0,122.0,27,24
60.0,122.0,27,24
60.0,122.0,27,24
60.0,122.0,27,24
60.0,122.0,27,24
60.0,122.0,27,24
60.0,123.0,27,24
60.0,123.0,27,24
59.0,124.0,27,24
60.0,124.0,27,24
59.0,123.0,27,24
59.0,124.0,27,24
59.0,124.0,27,24
59.0,124.0,27,24
59.0,124.0,27,24
59.0,124.0,27,24
59.0,124.0,27,24
59.0,123.0,27,24
59.0,124.0,27,24
59.0,123.0,27,24
58.0,123.0,27,24
58.0,123.0,27,24
58.0,124.0,27,24
58.0,123.0,27,24
58.0,122.0,27,24
58.0,123.0,27,24
58.0,123.0,27,24
58.0,123.0,27,24
58.0,123.0,27,24
58.0,123.0,27,24
58.0,123.0,27,24
58.0,122.0,27,24
58.0,122.0,27,24
58.0,121.0,27,24
58.0,121.0,27,24
58.0,121.0,27,24
58.0,121.0,27,24
58.0,122.0,27,24
58.0,121.0,27,24
59.0,121.0,27,24
59.0,120.0,27,24
59.0,120.0,27,24
59.0,121.0,27,24
59.0,122.0,27,24
59.0,122.0,27,24
59.0,121.0,27,24
59.0,121.0,27,24
60.0,121.0,27,24
60.0,121.0,27,24
60.0,122.0,27,24
60.0,122.0,27,24
60.0,123.0,27,24
60.0,123.0,27,24
60.0,123.0,27,24
60.0,122.0,27,24
60.0,123.0,27,24
60.0,123.0,27,24
60.0,123.0,27,24
60.0,123.0,27,24
60.0,123.0,27,24
60.0,124.0,27,24
60.0,124.0,27,24
60.0,124.0,27,24
60.0,123.0,27,24
60.0,123.0,27,24
60.0,123.0,27,24
60.0,124.0,27,24
60.0,123.0,27,24
60.0,124.0,27,24
60.0,123.0,27,24
60.0,123.0,27,24
60.0,123.0,27,24
60.0,123.0,27,24
60.0,123.0,27,24
60.0,123.0,27,24
60.0,122.0,27,24
60.0,122.0,27,24
60.0,122.0,27,24
60.0,122.0,27,24
60.0,122.0,27,24
61.0,123.0,27,24
61.0,123.0,27,24
61.0,123.0,27,24
61.0,123.0,27,24
61.0,123.0,27,24
61.0,123.0,27,24
61.0,122.0,27,24
61.0,123.0,27,24
62.0,122.0,27,24
62.0,123.0,27,24
62.0,122.0,27,24
62.0,123.0,27,24
62.0,123.0,27,24
62.0,123.0,27,24
62.0,123.0,27,24
62.0,123.0,27,24
62.0,123.0,27,24
63.0,124.0,27,24
63.0,123.0,27,24
63.0,122.0,27,24
63.0,121.0,27,24
63.0,121.0,27,24
63.0,121.0,27,24
63.0,122.0,27,24
63.0,122.0,27,24
63.0,121.0,27,24
63.0,122.0,27,24
63.0,122.0,27,24
64.0,122.0,27,24
64.0,123.0,27,24
64.0,123.0,27,24
64.0,122.0,27,24
64.0,121.0,27,24
64.0,121.0,27,24
64.0,121.0,27,24
64.0,122.0,27,24
65.0,123.0,27,24
65.0,122.0,27,24
65.0,122.0,27,24
65.0,122.0,27,24
66.0,122.0,27,24
66.0,122.0,27,24
66.0,122.0,27,24
66.0,122.0,27,24
66.0,123.0,27,24
66.0,123.0,27,24
66.0,123.0,27,24
66.0,123.0,27,24
66.0,123.0,27,24
66.0,123.0,27,24
66.0,123.0,27,24
66.0,123.0,27,24
66.0,123.0,27,24
66.0,123.0,27,24
66.0,123.0,27,24
66.0,122.0,27,24
66.0,122.0,27,24
66.0,122.0,27,24
66.0,122.0,27,24
66.0,121.0,27,24
65.0,121.0,27,24
65.0,120.0,27,24
65.0,121.0,27,24
65.0,121.0,27,24
65.0,121.0,27,24
65.0,121.0,27,24
65.0,121.0,27,24
65.0,120.0,27,24
65.0,121.0,27,24
65.0,122.0,27,24
65.0,123.0,27,24
65.0,123.0,27,24
65.0,123.0,27,24
65.0,122.0,27,24
65.0,123.0,27,24
65.0,122.0,27,24
65.0,122.0,27,24
64.0,121.0,27,24
64.0,121.0,27,24
64.0,121.0,27,24
64.0,121.0,27,24
64.0,121.0,27,24
64.0,120.0,27,24
64.0,119.0,27,24
64.0,119.0,27,24
64.0,119.0,27,24
64.0,120.0,27,24
64.0,121.0,27,24
64.0,121.0,27,24
64.0,122.0,27,24
64.0,121.0,27,24
64.0,123.0,27,24
64.0,123.0,27,24
64.0,123.0,27,24
64.0,123.0,27,24
64.0,123.0,27,24
64.0,123.0,27,24
64.0,124.0,27,24
64.0,124.0,27,24
64.0,124.0,27,24
64.0,124.0,27,24
67.0,123.0,27,24
67.0,123.0,27,24
67.0,123.0,27,24
67.0,123.0,27,24
67.0,123.0,27,24
67.0,123.0,27,24
67.0,122.0,27,24
67.0,123.0,27,24
67.0,123.0,27,24
67.0,123.0,27,24
67.0,123.0,27,24
67.0,123.0,27,24
67.0,123.0,27,24
67.0,123.0,27,24
67.0,123.0,27,24
67.0,123.0,27,24
67.0,124.0,27,24
67.0,123.0,27,24
67.0,124.0,27,24
67.0,124.0,27,24
68.0,124.0,27,24
68.0,124.0,27,24
68.0,124.0,27,24
68.0,123.0,27,24
68.0,123.0,27,24
68.0,123.0,27,24
68.0,123.0,27,24
68.0,122.0,27,24
68.0,123.0,27,24
68.0,122.0,27,24
68.0,122.0,27,24
69.0,123.0,27,24
69.0,123.0,27,24
69.0,123.0,27,24
69.0,123.0,27,24
69.0,124.0,27,24
69.0,123.0,27,24
69.0,124.0,27,24
69.0,123.0,27,24
69.0,123.0,27,24
69.0,123.0,27,24
69.0,123.0,27,24
69.0,123.0,27,24
69.0,124.0,27,24
69.0,123.0,27,24
69.0,123.0,27,24
69.0,123.0,27,24
69.0,122.0,27,24
69.0,123.0,27,24
69.0,123.0,27,24
69.0,123.0,27,24
69.0,123.0,27,24
69.0,123.0,27,24
69.0,124.0,27,24
69.0,125.0,27,24
69.0,124.0,27,24
69.0,124.0,27,24
69.0,123.0,27,24
69.0,123.0,27,24
69.0,123.0,27,24
69.0,124.0,27,24
69.0,124.0,27,24
68.0,124.0,27,24
68.0,124.0,27,24
68.0,124.0,27,24
68.0,125.0,27,24
68.0,125.0,27,24
68.0,125.0,27,24
68.0,125.0,27,24
68.0,125.0,27,24
68.0,125.0,27,24
68.0,126.0,27,24
68.0,125.0,27,24
68.0,124.0,27,24
68.0,123.0,27,24
68.0,123.0,27,24
67.0,123.0,27,24
68.0,123.0,27,24
67.0,122.0,27,24
67.0,121.0,27,24
67.0,121.0,27,24
67.0,121.0,27,24
67.0,122.0,27,24
67.0,122.0,27,24
67.0,123.0,27,24
67.0,123.0,27,24
67.0,123.0,27,24
67.0,123.0,27,24
67.0,123.0,27,24
67.0,123.0,27,24
67.0,123.0,27,24
67.0,123.0,27,24
67.0,123.0,27,24
66.0,123.0,27,24
67.0,123.0,27,24
66.0,122.0,27,24
66.0,122.0,27,24
66.0,122.0,27,24
66.0,121.0,27,24
66.0,121.0,27,24
66.0,121.0,27,24
66.0,121.0,27,24
66.0,122.0,27,24
66.0,122.0,27,24
66.0,122.0,27,24
66.0,124.0,27,24
66.0,124.0,27,24
66.0,124.0,27,24
66.0,124.0,27,24
66.0,124.0,27,24
66.0,124.0,27,24
67.0,125.0,27,24
67.0,124.0,27,24
67.0,125.0,27,24
67.0,124.0,27,24
66.0,123.0,27,24
67.0,123.0,27,24
66.0,121.0,27,24
66.0,122.0,27,24
66.0,122.0,27,24
67.0,123.0,27,24
67.0,123.0,27,24
67.0,124.0,27,24
67.0,124.0,27,24
68.0,125.0,27,24
68.0,126.0,27,24
68.0,126.0,27,24
68.0,125.0,27,24
69.0,124.0,27,24
69.0,122.0,27,24
69.0,121.0,27,24
70.0,121.0,27,24
70.0,120.0,27,24
70.0,120.0,27,24
70.0,120.0,27,24
70.0,121.0,27,24
71.0,121.0,27,24
71.0,121.0,27,24
71.0,121.0,27,24
72.0,121.0,27,24
72.0,121.0,27,24
72.0,121.0,27,24
72.0,121.0,27,24
73.0,121.0,27,24
73.0,121.0,27,24
73.0,121.0,27,24
73.0,121.0,27,24
72.0,121.0,27,24
72.0,121.0,27,24
72.0,122.0,27,24
72.0,121.0,27,24
72.0,121.0,27,24
72.0,121.0,27,24
72.0,121.0,27,24
73.0,121.0,27,24
73.0,121.0,27,24
73.0,122.0,27,24
73.0,121.0,27,24
73.0,121.0,27,24
73.0,121.0,27,24
73.0,121.0,27,24
73.0,122.0,27,24
73.0,122.0,27,24
73.0,122.0,27,24
73.0,123.0,27,24
74.0,123.0,27,24
74.0,123.0,27,24
74.0,122.0,27,24
74.0,121.0,27,24
75.0,122.0,27,24
75.0,123.0,27,24
75.0,123.0,27,24
75.0,123.0,27,24
76.0,124.0,27,24
76.0,124.0,27,24
76.0,124.0,27,24
76.0,124.0,27,24
76.0,124.0,27,24
76.0,123.0,27,24
76.0,124.0,27,24
76.0,123.0,27,24
76.0,124.0,27,24
75.0,124.0,27,24
75.0,124.0,27,24
75.0,124.0,27,24
75.0,124.0,27,24
75.0,124.0,27,24
75.0,124.0,27,24
75.0,124.0,27,24
75.0,124.0,27,24
75.0,124.0,27,24
74.0,124.0,27,24
75.0,124.0,27,24
74.0,124.0,27,24
74.0,124.0,27,24
74.0,124.0,27,24
74.0,124.0,27,24
74.0,124.0,27,24
74.0,124.0,27,24
74.0,124.0,27,24
74.0,125.0,27,24
74.0,125.0,27,24
75.0,125.0,27,24
75.0,124.0,27,24
75.0,124.0,27,24
75.0,124.0,27,24
75.0,125.0,27,24
75.0,125.0,27,24
75.0,125.0,27,24
75.0,125.0,27,24
76.0,125.0,27,24
76.0,126.0,27,24
76.0,125.0,27,24
76.0,125.0,27,24
76.0,125.0,27,24
76.0,123.0,27,24
76.0,122.0,27,24
76.0,123.0,27,24
76.0,124.0,27,24
76.0,124.0,27,24
76.0,123.0,27,24
76.0,124.0,27,24
76.0,124.0,27,24
76.0,124.0,27,24
76.0,124.0,27,24
76.0,124.0,27,24
76.0,123.0,27,24
76.0,123.0,27,24
76.0,123.0,27,24
76.0,123.0,27,24
76.0,123.0,27,24
76.0,124.0,27,24
76.0,124.0,27,24
76.0,124.0,27,24
76.0,124.0,27,24
75.0,125.0,27,24
75.0,124.0,27,24
75.0,125.0,27,24
75.0,124.0,27,24
75.0,124.0,27,24
75.0,124.0,27,24
75.0,124.0,27,24
74.0,124.0,27,24
74.0,124.0,27,24
73.0,124.0,27,24
73.0,124.0,27,24
73.0,124.0,27,24
73.0,124.0,27,24
73.0,124.0,27,24
73.0,124.0,27,24
73.0,124.0,27,24
73.0,123.0,27,24
72.0,123.0,27,24
72.0,124.0,27,24
73.0,124.0,27,24
73.0,124.0,27,24
73.0,125.0,27,24
74.0,125.0,27,24
74.0,126.0,27,24
75.0,125.0,27,24
75.0,124.0,27,24
75.0,124.0,27,24
75.0,123.0,27,24
76.0,123.0,27,24
76.0,123.0,27,24
76.0,124.0,27,24
77.0,123.0,27,24
77.0,124.0,27,24
78.0,124.0,27,24
78.0,123.0,27,24
78.0,125.0,27,24
78.0,125.0,27,24
79.0,125.0,27,24
79.0,124.0,27,24
79.0,123.0,27,24
79.0,124.0,27,24
80.0,125.0,27,24
80.0,125.0,27,24
80.0,124.0,27,24
80.0,124.0,27,24
80.0,124.0,27,24
80.0,124.0,27,24
80.0,124.0,27,24
80.0,124.0,27,24
81.0,124.0,27,24
81.0,124.0,27,24
81.0,123.0,27,24
81.0,125.0,27,24
81.0,127.0,27,24
81.0,127.0,27,24
81.0,127.0,27,24
81.0,127.0,27,24
81.0,126.0,27,24
81.0,126.0,27,24
81.0,124.0,27,24
81.0,123.0,27,24
80.0,122.0,27,24
80.0,120.0,27,24
80.0,121.0,27,24
80.0,120.0,27,24
79.0,120.0,27,24
79.0,120.0,27,24
79.0,120.0,27,24
79.0,119.0,27,24
79.0,119.0,27,24
78.0,120.0,27,24
79.0,120.0,27,24
78.0,121.0,27,24
78.0,120.0,27,24
78.0,120.0,27,24
78.0,121.0,27,24
78.0,121.0,27,24
78.0,121.0,27,24
77.0,120.0,27,24
77.0,120.0,27,24
77.0,120.0,27,24
77.0,120.0,27,24
77.0,120.0,27,24
77.0,119.0,27,24
77.0,120.0,27,24
77.0,119.0,27,24
77.0,120.0,27,24
77.0,120.0,27,24
77.0,121.0,27,24
77.0,121.0,27,24
77.0,120.0,27,24
77.0,119.0,27,24
77.0,120.0,27,24
77.0,120.0,27,24
77.0,121.0,27,24
76.0,121.0,27,24
76.0,120.0,27,24
76.0,120.0,27,24
76.0,120.0,27,24
76.0,120.0,27,24
76.0,120.0,27,24
76.0,120.0,27,24
75.0,120.0,27,24
75.0,120.0,27,24
75.0,119.0,27,24
74.0,119.0,27,24
74.0,119.0,27,24
74.0,119.0,27,24
74.0,119.0,27,24
74.0,119.0,27,24
74.0,119.0,27,24
73.0,120.0,27,24
73.0,120.0,27,24
73.0,120.0,27,24
73.0,120.0,27,24
72.0,120.0,27,24
72.0,120.0,27,24
72.0,120.0,27,24
72.0,120.0,27,24
71.0,121.0,27,24
71.0,121.0,27,24
71.0,120.0,27,24
71.0,120.0,27,24
70.0,121.0,27,24
70.0,121.0,27,24
70.0,122.0,27,24
70.0,122.0,27,24
70.0,121.0,27,24
69.0,122.0,27,24
69.0,122.0,27,24
69.0,122.0,27,24
69.0,123.0,27,24
69.0,123.0,27,24
69.0,123.0,27,24
68.0,123.0,27,24
68.0,123.0,27,24
68.0,122.0,27,24
68.0,122.0,27,24
68.0,122.0,27,24
67.0,122.0,27,24
67.0,122.0,27,24
67.0,122.0,27,24
67.0,123.0,27,24
67.0,123.0,27,24
66.0,122.0,27,24
66.0,122.0,27,24
66.0,122.0,27,24
66.0,122.0,27,24
66.0,122.0,27,24
66.0,123.0,27,24
66.0,122.0,27,24
66.0,122.0,27,24
65.0,121.0,27,24
65.0,122.0,27,24
65.0,122.0,27,24
65.0,123.0,27,24
65.0,123.0,27,24
65.0,123.0,27,24
65.0,122.0,27,24
65.0,122.0,27,24
65.0,123.0,27,24
65.0,123.0,27,24
65.0,122.0,27,24
65.0,122.0,27,24
65.0,122.0,27,24
65.0,123.0,27,24
65.0,123.0,27,24
65.0,124.0,27,24
65.0,124.0,27,24
65.0,124.0,27,24
65.0,124.0,27,24
66.0,124.0,27,24
66.0,124.0,27,24
66.0,124.0,27,24
66.0,124.0,27,24
66.0,124.0,27,24
66.0,123.0,27,24
66.0,124.0,27,24
66.0,125.0,27,24
66.0,125.0,27,24
66.0,125.0,27,24
66.0,125.0,27,24
66.0,124.0,27,24
66.0,124.0,27,24
66.0,125.0,27,24
66.0,125.0,27,24
66.0,125.0,27,24
66.0,124.0,27,24
66.0,125.0,27,24
66.0,125.0,27,24
66.0,125.0,27,24
66.0,125.0,27,24
66.0,125.0,27,24
66.0,125.0,27,24
66.0,125.0,27,24
66.0,125.0,27,24
66.0,126.0,27,24
66.0,126.0,27,24
66.0,126.0,27,24
66.0,124.0,27,24
66.0,124.0,27,24
66.0,124.0,27,24
66.0,125.0,27,24
66.0,125.0,27,24
66.0,125.0,27,24
66.0,124.0,27,24
66.0,125.0,27,24
66.0,125.0,27,24
66.0,125.0,27,24
66.0,126.0,27,24
66.0,126.0,27,24
67.0,126.0,27,24
67.0,125.0,27,24
67.0,124.0,27,24
67.0,126.0,27,24
68.0,126.0,27,24
68.0,126.0,27,24
68.0,125.0,27,24
69.0,125.0,27,24
69.0,125.0,27,24
69.0,125.0,27,24
70.0,125.0,27,24
70.0,126.0,27,24
70.0,126.0,27,24
71.0,126.0,27,24
71.0,126.0,27,24
72.0,127.0,27,24
72.0,127.0,27,24
73.0,126.0,27,24
73.0,125.0,27,24
74.0,124.0,27,24
74.0,124.0,27,24
75.0,125.0,27,24
75.0,126.0,27,24
76.0,125.0,27,24
76.0,124.0,27,24
77.0,124.0,27,24
77.0,125.0,27,24
78.0,126.0,27,24
78.0,127.0,27,24
79.0,127.0,27,24
79.0,127.0,27,24
80.0,127.0,27,24
80.0,128.0,27,24
81.0,127.0,27,24
81.0,127.0,27,24
82.0,125.0,27,24
82.0,125.0,27,24
83.0,124.0,27,24
83.0,124.0,27,24
83.0,125.0,27,24
84.0,125.0,27,24
85.0,126.0,27,24
85.0,126.0,27,24
86.0,126.0,27,24
87.0,127.0,27,24
87.0,127.0,27,24
88.0,127.0,27,24
88.0,126.0,27,24
89.0,126.0,27,24
90.0,125.0,27,24
91.0,125.0,27,24
91.0,125.0,27,24
92.0,126.0,27,24
93.0,126.0,27,24
93.0,126.0,27,24
94.0,126.0,27,24
95.0,126.0,27,24
95.0,126.0,27,24
96.0,126.0,27,24
97.0,125.0,27,24
97.0,124.0,27,24
98.0,123.0,27,24
99.0,122.0,27,24
99.0,123.0,27,24
100.0,124.0,27,24
101.0,124.0,27,24
101.0,125.0,27,24
102.0,125.0,27,24
102.0,126.0,27,24
103.0,126.0,27,24
103.0,126.0,27,24
104.0,126.0,27,24
104.0,126.0,27,24
105.0,126.0,27,24
105.0,125.0,27,24
106.0,127.0,27,24
106.0,128.0,27,24
106.0,128.0,27,24
106.0,127.0,27,24
106.0,127.0,27,24
106.0,127.0,27,24
106.0,128.0,27,24
106.0,128.0,27,24
106.0,126.0,27,24
106.0,125.0,27,24
106.0,125.0,27,24
106.0,125.0,27,24
106.0,124.0,27,24
106.0,124.0,27,24
106.0,123.0,27,24
106.0,124.0,27,24
106.0,124.0,27,24
105.0,125.0,27,24
105.0,126.0,27,24
105.0,126.0,27,24
105.0,125.0,27,24
106.0,126.0,27,24
105.0,133.0,27,24
104.0,131.0,27,24
104.0,131.0,27,24
104.0,129.0,27,24
103.0,124.0,27,24
103.0,123.0,27,24
103.0,125.0,27,24
102.0,125.0,27,24
102.0,124.0,27,24
102.0,124.0,27,24
102.0,124.0,27,24
102.0,123.0,27,24
102.0,122.0,27,24
102.0,123.0,27,24
102.0,123.0,27,24
101.0,123.0,27,24
101.0,123.0,27,24
101.0,123.0,27,24
101.0,123.0,27,24
101.0,123.0,27,24
101.0,122.0,27,24
101.0,122.0,27,24
101.0,124.0,27,24
100.0,124.0,27,24
100.0,124.0,27,24
100.0,123.0,27,24
100.0,123.0,27,24
100.0,123.0,27,24
100.0,124.0,27,24
100.0,124.0,27,24
100.0,124.0,27,24
100.0,124.0,27,24
100.0,125.0,27,24
100.0,125.0,27,24
99.0,125.0,27,24
99.0,125.0,27,24
99.0,124.0,27,24
100.0,124.0,27,24
100.0,125.0,27,24
100.0,125.0,27,24
100.0,125.0,27,24
100.0,125.0,27,24
100.0,125.0,27,24
100.0,125.0,27,24
100.0,125.0,27,24
100.0,125.0,27,24
100.0,125.0,27,24
100.0,124.0,27,24
100.0,124.0,27,24
100.0,124.0,27,24
100.0,124.0,27,24
100.0,124.0,27,24
101.0,124.0,27,24
101.0,124.0,27,24
101.0,125.0,27,24
101.0,125.0,27,24
101.0,125.0,27,24
101.0,125.0,27,24
102.0,125.0,27,24
102.0,125.0,27,24
102.0,124.0,27,24
102.0,124.0,27,24
102.0,123.0,27,24
103.0,123.0,27,24
103.0,123.0,27,24
103.0,124.0,27,24
103.0,125.0,27,24
104.0,125.0,27,24
104.0,125.0,27,24
104.0,124.0,27,24
105.0,124.0,27,24
105.0,125.0,27,24
105.0,124.0,27,24
105.0,124.0,27,24
105.0,124.0,27,24
105.0,123.0,27,24
106.0,123.0,27,24
106.0,123.0,27,24
106.0,123.0,27,24
106.0,124.0,27,24
106.0,124.0,27,24
106.0,124.0,27,24
106.0,124.0,27,24
106.0,125.0,27,24
106.0,125.0,27,24
106.0,125.0,27,24
106.0,125.0,27,24
106.0,124.0,27,24
107.0,124.0,27,24
107.0,124.0,27,24
107.0,125.0,27,24
107.0,125.0,27,24
107.0,125.0,27,24
107.0,124.0,27,24
107.0,124.0,27,24
108.0,124.0,27,24
108.0,124.0,27,24
108.0,124.0,27,24
108.0,125.0,27,24
108.0,125.0,27,24
108.0,125.0,27,24
108.0,126.0,27,24
109.0,126.0,27,24
109.0,125.0,27,24
109.0,125.0,27,24
109.0,126.0,27,24
109.0,126.0,27,24
109.0,126.0,27,24
109.0,126.0,27,24
110.0,125.0,27,24
110.0,126.0,27,24
110.0,126.0,27,24
110.0,127.0,27,24
110.0,126.0,27,24
110.0,126.0,27,24
110.0,126.0,27,24
110.0,125.0,27,24
110.0,126.0,27,24
110.0,126.0,27,24
110.0,126.0,27,24
110.0,125.0,27,24
110.0,125.0,27,24
110.0,125.0,27,24
110.0,126.0,27,24
110.0,125.0,27,24
110.0,125.0,27,24
110.0,125.0,27,24
109.0,125.0,27,24
109.0,125.0,27,24
109.0,125.0,27,24
109.0,125.0,27,24
109.0,125.0,27,24
109.0,125.0,27,24
108.0,124.0,27,24
108.0,125.0,27,24
108.0,126.0,27,24
108.0,126.0,27,24
108.0,125.0,27,24
108.0,125.0,27,24
108.0,125.0,27,24
108.0,125.0,27,24
108.0,125.0,27,24
108.0,124.0,27,24
108.0,124.0,27,24
108.0,124.0,27,24
108.0,125.0,27,24
108.0,124.0,27,24
107.0,126.0,27,24
108.0,125.0,27,24
107.0,125.0,27,24
107.0,124.0,27,24
107.0,124.0,27,24
107.0,125.0,27,24
107.0,125.0,27,24
107.0,124.0,27,24
107.0,124.0,27,24
107.0,125.0,27,24
107.0,125.0,27,24
107.0,125.0,27,24
107.0,124.0,27,24
107.0,124.0,27,24
107.0,124.0,27,24
107.0,125.0,27,24
107.0,125.0,27,24
107.0,126.0,27,24
107.0,127.0,27,24
107.0,127.0,27,24
107.0,127.0,27,24
107.0,128.0,27,24
107.0,128.0,27,24
107.0,127.0,27,24
107.0,127.0,27,24
107.0,127.0,27,24
107.0,127.0,27,24
107.0,128.0,27,24
107.0,128.0,27,24
106.0,128.0,27,24
106.0,128.0,27,24
106.0,128.0,27,24
106.0,128.0,27,24
106.0,127.0,27,24
106.0,127.0,27,24
106.0,127.0,27,24
106.0,127.0,27,24
106.0,127.0,27,24
106.0,127.0,27,24
106.0,128.0,27,24
105.0,128.0,27,24
105.0,127.0,27,24
105.0,127.0,27,24
105.0,128.0,27,24
105.0,128.0,27,24
105.0,129.0,27,24
105.0,128.0,27,24
105.0,128.0,27,24
105.0,128.0,27,24
105.0,128.0,27,24
104.0,128.0,27,24
104.0,128.0,27,24
104.0,128.0,27,24
104.0,127.0,27,24
104.0,127.0,27,24
104.0,127.0,27,24
104.0,128.0,27,24
104.0,128.0,27,24
104.0,128.0,27,24
104.0,128.0,27,24
103.0,128.0,27,24
103.0,128.0,27,24
103.0,128.0,27,24
103.0,127.0,27,24
103.0,127.0,27,24
103.0,127.0,27,24
103.0,126.0,27,24
103.0,127.0,27,24
102.0,127.0,27,24
102.0,127.0,27,24
102.0,127.0,27,24
102.0,127.0,27,24
102.0,127.0,27,24
102.0,128.0,27,24
101.0,128.0,27,24
101.0,127.0,27,24
101.0,127.0,27,24
101.0,128.0,27,24
101.0,128.0,27,24
101.0,128.0,27,24
101.0,128.0,27,24
100.0,127.0,27,24
100.0,128.0,27,24
100.0,128.0,27,24
100.0,128.0,27,24
100.0,129.0,27,24
100.0,129.0,27,24
100.0,129.0,27,24
100.0,129.0,27,24
101.0,129.0,27,24
101.0,129.0,27,24
101.0,129.0,27,24
101.0,128.0,27,24
102.0,127.0,27,24
102.0,127.0,27,24
103.0,129.0,27,24
103.0,129.0,27,24
103.0,129.0,27,24
104.0,129.0,27,24
104.0,129.0,27,24
104.0,129.0,27,24
105.0,129.0,27,24
105.0,129.0,27,24
105.0,128.0,27,24
106.0,128.0,27,24
106.0,128.0,27,24
107.0,128.0,27,24
107.0,129.0,27,24
108.0,129.0,27,24
108.0,128.0,27,24
108.0,128.0,27,24
109.0,129.0,27,24
109.0,129.0,27,24
110.0,129.0,27,24
110.0,128.0,27,24
111.0,129.0,27,24
111.0,128.0,27,24
112.0,129.0,27,24
112.0,129.0,27,24
112.0,129.0,27,24
113.0,129.0,27,24
113.0,129.0,27,24
113.0,128.0,27,24
114.0,128.0,27,24
114.0,129.0,27,24
114.0,129.0,27,24
115.0,128.0,27,24
115.0,128.0,27,24
115.0,129.0,27,24
115.0,129.0,27,24
116.0,129.0,27,24
116.0,128.0,27,24
116.0,129.0,27,24
117.0,128.0,27,24
117.0,128.0,27,24
117.0,128.0,27,24
118.0,129.0,27,24
118.0,129.0,27,24
118.0,129.0,27,24
118.0,129.0,27,24
119.0,130.0,27,24
119.0,131.0,27,24
119.0,132.0,27,24
120.0,132.0,27,24
120.0,131.0,27,24
120.0,131.0,27,24
120.0,131.0,27,24
121.0,131.0,27,24
121.0,130.0,27,24
121.0,130.0,27,24
121.0,130.0,27,24
121.0,130.0,27,24
121.0,129.0,27,24
121.0,128.0,27,24
122.0,128.0,27,24
121.0,128.0,27,24
121.0,128.0,27,24
121.0,128.0,27,24
121.0,128.0,27,24
120.0,128.0,27,24
120.0,128.0,27,24
120.0,128.0,27,24
119.0,129.0,27,24
119.0,130.0,27,24
118.0,130.0,27,24
118.0,130.0,27,24
118.0,130.0,27,24
118.0,129.0,27,24
117.0,130.0,27,24
117.0,129.0,27,24
117.0,129.0,27,24
117.0,129.0,27,24
117.0,129.0,27,24
116.0,130.0,27,24
116.0,130.0,27,24
116.0,130.0,27,24
116.0,130.0,27,24
116.0,130.0,27,24
116.0,129.0,27,24
116.0,128.0,27,24
116.0,128.0,27,24
116.0,128.0,27,24
117.0,128.0,27,24
117.0,128.0,27,24
117.0,128.0,27,24
117.0,128.0,27,24
117.0,128.0,27,24
118.0,128.0,27,24
118.0,128.0,27,24
118.0,128.0,27,24
119.0,129.0,27,24
119.0,128.0,27,24
119.0,128.0,27,24
119.0,128.0,27,24
120.0,129.0,27,24
120.0,130.0,27,24
121.0,132.0,27,24
121.0,132.0,27,24
121.0,130.0,27,24
122.0,130.0,27,24
122.0,129.0,27,24
122.0,127.0,27,24
122.0,126.0,27,24
122.0,125.0,27,24
122.0,126.0,27,24
122.0,126.0,27,24
122.0,126.0,27,24
122.0,126.0,27,24
123.0,126.0,27,24
123.0,127.0,27,24
123.0,127.0,27,24
123.0,127.0,27,24
123.0,127.0,27,24
123.0,127.0,27,24
123.0,128.0,27,24
123.0,128.0,27,24
123.0,129.0,27,24
123.0,129.0,27,24
123.0,128.0,27,24
123.0,128.0,27,24
123.0,127.0,27,24
123.0,127.0,27,24
123.0,127.0,27,24
122.0,126.0,27,24
122.0,126.0,27,24
122.0,126.0,27,24
121.0,126.0,27,24
121.0,125.0,27,24
121.0,125.0,27,24
120.0,125.0,27,24
120.0,125.0,27,24
119.0,126.0,27,24
119.0,126.0,27,24
118.0,127.0,27,24
118.0,128.0,27,24
118.0,129.0,27,24
117.0,130.0,27,24
117.0,129.0,27,24
117.0,129.0,27,24
117.0,128.0,27,24
116.0,129.0,27,24
116.0,129.0,27,24
116.0,127.0,27,24
115.0,127.0,27,24
115.0,128.0,27,24
115.0,128.0,27,24
115.0,128.0,27,24
115.0,129.0,27,24
115.0,130.0,27,24
115.0,130.0,27,24
115.0,130.0,27,24
115.0,131.0,27,24
115.0,131.0,27,24
115.0,130.0,27,24
115.0,130.0,27,24
115.0,130.0,27,24
114.0,128.0,27,24
114.0,128.0,27,24
114.0,129.0,27,24
114.0,130.0,27,24
114.0,130.0,27,24
114.0,131.0,27,24
114.0,131.0,27,24
115.0,131.0,27,24
115.0,131.0,27,24
115.0,131.0,27,24
115.0,131.0,27,24
115.0,131.0,27,24
115.0,130.0,27,24
115.0,130.0,27,24
115.0,130.0,27,24
115.0,131.0,27,24
115.0,131.0,27,24
115.0,131.0,27,24
115.0,130.0,27,24
115.0,130.0,27,24
115.0,131.0,27,24
115.0,132.0,27,24
115.0,132.0,27,24
114.0,132.0,27,24
114.0,132.0,27,24
114.0,131.0,27,24
115.0,132.0,27,24
114.0,132.0,27,24
114.0,132.0,27,24
114.0,131.0,27,24
114.0,131.0,27,24
114.0,130.0,27,24
114.0,130.0,27,24
114.0,130.0,27,24
114.0,131.0,27,24
114.0,131.0,27,24
114.0,130.0,27,24
114.0,130.0,27,24
114.0,131.0,27,24
113.0,131.0,27,24
113.0,131.0,27,24
113.0,131.0,27,24
113.0,131.0,27,24
113.0,131.0,27,24
113.0,131.0,27,24
112.0,131.0,27,24
112.0,131.0,27,24
112.0,131.0,27,24
112.0,130.0,27,24
112.0,131.0,27,24
111.0,131.0,27,24
111.0,131.0,27,24
111.0,131.0,27,24
111.0,131.0,27,24
111.0,130.0,27,24
111.0,130.0,27,24
110.0,130.0,27,24
110.0,130.0,27,24
110.0,130.0,27,24
110.0,130.0,27,24
110.0,130.0,27,24
110.0,129.0,27,24
110.0,129.0,27,24
110.0,130.0,27,24
111.0,130.0,27,24
111.0,130.0,27,24
111.0,130.0,27,24
111.0,130.0,27,24
111.0,131.0,27,24
111.0,131.0,27,24
111.0,130.0,27,24
111.0,130.0,27,24
112.0,130.0,27,24
112.0,130.0,27,24
112.0,130.0,27,24
112.0,130.0,27,24
112.0,130.0,27,24
113.0,131.0,27,24
113.0,130.0,27,24
113.0,130.0,27,24
113.0,130.0,27,24
114.0,130.0,27,24
114.0,129.0,27,24
114.0,128.0,27,24
115.0,128.0,27,24
115.0,129.0,27,24
115.0,129.0,27,24
115.0,128.0,27,24
116.0,127.0,27,24
116.0,127.0,27,24
117.0,128.0,27,24
117.0,128.0,27,24
117.0,128.0,27,24
118.0,128.0,27,24
118.0,129.0,27,24
119.0,128.0,27,24
119.0,128.0,27,24
119.0,129.0,27,24
120.0,129.0,27,24
120.0,128.0,27,24
120.0,128.0,27,24
120.0,128.0,27,24
121.0,129.0,27,24
121.0,129.0,27,24
121.0,129.0,27,24
121.0,129.0,27,24
121.0,129.0,27,24
122.0,130.0,27,24
122.0,130.0,27,24
122.0,131.0,27,24
122.0,130.0,27,24
122.0,131.0,27,24
122.0,130.0,27,24
122.0,131.0,27,24
122.0,131.0,27,24
122.0,130.0,27,24
122.0,130.0,27,24
122.0,130.0,27,24
122.0,130.0,27,24
122.0,131.0,27,24
122.0,132.0,27,24
122.0,131.0,27,24
122.0,131.0,27,24
122.0,130.0,27,24
122.0,130.0,27,24
122.0,130.0,27,24
122.0,131.0,27,24
122.0,130.0,27,24
122.0,131.0,27,24
121.0,131.0,27,24
121.0,130.0,27,24
121.0,130.0,27,24
121.0,130.0,27,24
121.0,130.0,27,24
121.0,130.0,27,24
121.0,130.0,27,24
121.0,130.0,27,24
121.0,131.0,27,24
120.0,130.0,27,24
120.0,129.0,27,24
120.0,129.0,27,24
120.0,129.0,27,24
120.0,129.0,27,24
119.0,129.0,27,24
119.0,128.0,27,24
119.0,128.0,27,24
119.0,128.0,27,24
119.0,127.0,27,24
119.0,127.0,27,24
119.0,128.0,27,24
119.0,127.0,27,24
118.0,127.0,27,24
118.0,127.0,27,24
118.0,128.0,27,24
118.0,127.0,27,24
118.0,127.0,27,24
117.0,126.0,27,24
117.0,126.0,27,24
117.0,126.0,27,24
117.0,126.0,27,24
117.0,125.0,27,24
117.0,125.0,27,24
117.0,125.0,27,24
117.0,125.0,27,24
116.0,125.0,27,24
116.0,125.0,27,24
116.0,125.0,27,24
116.0,124.0,27,24
116.0,124.0,27,24
116.0,124.0,27,24
116.0,125.0,27,24
115.0,126.0,27,24
115.0,125.0,27,24
115.0,125.0,27,24
115.0,124.0,27,24
115.0,125.0,27,24
115.0,124.0,27,24
115.0,123.0,27,24
115.0,123.0,27,24
115.0,122.0,27,24
115.0,122.0,27,24
115.0,122.0,27,24
114.0,122.0,27,24
114.0,122.0,27,24
114.0,122.0,27,24
113.0,122.0,27,24
113.0,123.0,27,24
113.0,123.0,27,24
113.0,123.0,27,24
112.0,122.0,27,24
112.0,122.0,27,24
112.0,124.0,27,24
111.0,124.0,27,24
111.0,125.0,27,24
111.0,125.0,27,24
110.0,125.0,27,24
110.0,126.0,27,24
110.0,127.0,27,24
109.0,127.0,27,24
109.0,128.0,27,24
108.0,128.0,27,24
108.0,129.0,27,24
108.0,129.0,27,24
107.0,129.0,27,24
107.0,130.0,27,24
106.0,130.0,27,24
106.0,130.0,27,24
106.0,129.0,27,24
105.0,130.0,27,24
105.0,130.0,27,24
104.0,130.0,27,24
104.0,129.0,27,24
104.0,130.0,27,24
103.0,129.0,27,24
103.0,129.0,27,24
103.0,129.0,27,24
102.0,129.0,27,24
102.0,128.0,27,24
102.0,127.0,27,24
101.0,126.0,27,24
101.0,126.0,27,24
101.0,126.0,27,24
101.0,125.0,27,24
101.0,125.0,27,24
100.0,125.0,27,24
100.0,125.0,27,24
100.0,125.0,27,24
99.0,124.0,27,24
99.0,124.0,27,24
99.0,124.0,27,24
99.0,124.0,27,24
99.0,124.0,27,24
99.0,125.0,27,24
98.0,125.0,27,24
98.0,125.0,27,24
98.0,124.0,27,24
98.0,124.0,27,24
98.0,125.0,27,24
97.0,125.0,27,24
97.0,125.0,27,24
97.0,124.0,27,24
97.0,125.0,27,24
96.0,125.0,27,24
96.0,125.0,27,24
96.0,124.0,27,24
96.0,124.0,27,24
96.0,123.0,27,24
96.0,123.0,27,24
95.0,123.0,27,24
95.0,123.0,27,24
95.0,123.0,27,24
95.0,123.0,27,24
95.0,123.0,27,24
95.0,123.0,27,24
95.0,124.0,27,24
95.0,124.0,27,24
94.0,124.0,27,24
94.0,124.0,27,24
94.0,124.0,27,24
94.0,124.0,27,24
94.0,125.0,27,24
94.0,124.0,27,24
94.0,124.0,27,24
94.0,124.0,27,24
94.0,124.0,27,24
94.0,125.0,27,24
84,113,51,48
84,114,51,48
84,114,51,48
84,114,51,48
85,114,51,48
85,114,51,48
85,115,51,48
85,115,51,48
85,115,51,48
85,115,51,48
85,115,51,48
85,115,51,48
85,115,51,48
85,115,51,48
85,115,51,48
85,115,51,48
85,115,51,48
85,115,51,48
85,115,51,48
85,115,51,48
85,115,51,48
85,115,51,48
85,115,51,48
84,115,51,48
84,115,51,48
84,115,51,48
84,115,51,48
84,115,51,48
84,115,51,48
84,115,51,48
84,115,51,48
84,115,51,48
84,115,51,48
84,115,51,48
84,115,51,48
84,115,51,48
84,115,51,48
84,115,51,48
84,115,51,48
84,115,51,48
84,115,51,48
84,114,51,48
84,114,51,48
84,114,51,48
84,114,51,48
84,114,51,48
84,114,51,48
84,114,51,48
84,114,51,48
84,114,51,48
84,114,51,48
84,113,51,48
84,113,51,48
84,113,51,48
84,113,51,48
84,113,51,48
84,113,51,48
84,113,51,48
84,113,51,48
84,112,51,48
84,112,51,48
84,112,51,48
84,112,51,48
84,112,51,48
84,112,51,48
84,112,51,48
84,112,51,48
84,112,51,48
84,112,51,48
85,112,51,48
85,112,51,48
85,112,51,48
85,112,51,48
85,112,51,48
85,112,51,48
84,112,51,48
84,112,51,48
84,112,51,48
83,112,51,48
83,113,51,48
83,113,51,48
83,113,51,48
82,113,51,48
82,113,51,48
82,113,51,48
81,113,51,48
81,113,51,48
81,113,51,48
80,113,51,48
80,113,51,48
80,113,51,48
79,113,51,48
79,113,51,48
79,113,51,48
78,113,51,48
78,113,51,48
77,112,51,48
77,112,51,48
76,112,51,48
76,112,51,48
76,112,51,48
75,112,51,48
75,112,51,48
75,112,51,48
74,112,51,48
74,112,51,48
74,112,51,48
73,112,51,48
73,112,51,48
73,112,51,48
72,112,51,48
72,112,51,48
71,112,51,48
71,112,51,48
70,112,51,48
70,112,51,48
69,112,51,48
68,113,51,48
68,113,51,48
67,113,51,48
66,113,51,48
66,113,51,48
65,113,51,48
64,113,51,48
64,114,51,48
63,114,51,48
63,114,51,48
62,115,51,48
61,115,51,48
61,115,51,48
60,115,51,48
59,115,51,48
59,115,51,48
58,115,51,48
57,114,52,48
56,114,52,48
55,113,52,48
54,113,52,48
53,113,52,49
52,112,52,49
51,112,52,49
50,112,52,49
48,112,52,49
47,111,52,49
46,111,52,49
45,111,52,49
44,112,52,49
43,112,53,49
41,113,53,49
40,114,53,49
39,114,53,50
38,114,53,50
37,114,53,50
36,114,53,50
35,113,53,50
33,113,54,50
32,113,54,50
31,113,54,50
30,113,54,50
28,113,54,50
27,113,54,50
26,113,55,50
24,113,55,50
23,113,55,50
22,112,55,50
20,112,55,50
19,112,56,50
18,113,56,50
16,113,56,50
15,113,56,50
14,113,56,50