76,79,64,52
76.0,78.0,64,52
76.0,79.0,64,52
76.0,78.0,64,52
75.0,78.0,64,52
75.0,78.0,64,52
75.0,78.0,64,52
75.0,78.0,64,52
75.0,78.0,64,52
75.0,78.0,64,52
75.0,78.0,64,52
75.0,78.0,64,52
75.0,77.0,64,52
74.0,77.0,64,52
74.0,77.0,64,52
74.0,77.0,64,52
74.0,77.0,64,52
74.0,77.0,64,52
74.0,76.0,64,52
74.0,77.0,64,52
74.0,77.0,64,52
74.0,77.0,64,52
74.0,76.0,64,52
74.0,76.0,64,52
74.0,77.0,64,52
74.0,77.0,64,52
74.0,77.0,64,52
74.0,77.0,64,52
74.0,77.0,64,52
74.0,77.0,64,52
74.0,77.0,64,52
74.0,77.0,64,52
74.0,78.0,64,52
74.0,78.0,64,52
74.0,79.0,64,52
74.0,78.0,64,52
74.0,78.0,64,52
74.0,78.0,64,52
74.0,78.0,64,52
74.0,78.0,64,52
74.0,77.0,64,52
74.0,77.0,64,52
74.0,77.0,64,52
74.0,77.0,64,52
74.0,77.0,64,52
74.0,77.0,64,52
74.0,77.0,64,52
74.0,77.0,64,52
74.0,76.0,64,52
74.0,76.0,64,52
74.0,76.0,64,52
74.0,76.0,64,52
74.0,76.0,64,52
74.0,76.0,64,52
74.0,77.0,64,52
74.0,77.0,64,52
74.0,77.0,64,52
74.0,78.0,64,52
74.0,77.0,64,52
74.0,77.0,64,52
74.0,77.0,64,52
74.0,77.0,64,52
74.0,76.0,64,52
73.0,76.0,64,52
73.0,76.0,64,52
74.0,76.0,64,52
73.0,77.0,64,52
73.0,77.0,64,52
73.0,76.0,64,52
73.0,76.0,64,52
72.0,76.0,64,52
72.0,76.0,64,52
72.0,76.0,64,52
71.0,75.0,64,52
71.0,75.0,64,52
71.0,75.0,64,52
71.0,75.0,64,52
71.0,75.0,64,52
71.0,75.0,64,52
71.0,74.0,64,52
70.0,74.0,64,52
70.0,74.0,64,52
69.0,74.0,64,52
69.0,75.0,64,52
69.0,74.0,64,52
69.0,74.0,64,52
69.0,74.0,64,52
69.0,74.0,64,52
70.0,75.0,64,52
70.0,74.0,64,52
70.0,74.0,64,52
69.0,74.0,64,52
69.0,75.0,64,52
69.0,75.0,64,52
69.0,76.0,64,52
69.0,76.0,64,52
69.0,76.0,64,52
69.0,76.0,64,52
69.0,76.0,64,52
69.0,75.0,64,52
68.0,76.0,64,52
69.0,75.0,64,52
69.0,75.0,64,52
69.0,74.0,64,52
68.0,75.0,64,52
68.0,74.0,64,52
68.0,74.0,64,52
68.0,74.0,64,52
68.0,74.0,64,52
68.0,74.0,64,52
68.0,74.0,64,52
68.0,73.0,64,52
68.0,73.0,64,52
68.0,73.0,64,52
68.0,73.0,64,52
67.0,72.0,64,52
68.0,72.0,64,52
68.0,72.0,64,52
68.0,72.0,64,52
68.0,73.0,64,52
68.0,72.0,64,52
68.0,72.0,64,52
68.0,73.0,64,52
68.0,73.0,64,52
68.0,72.0,64,52
67.0,73.0,64,52
67.0,74.0,64,52
67.0,73.0,64,52
68.0,74.0,64,52
68.0,75.0,64,52
69.0,75.0,64,52
69.0,76.0,64,52
69.0,76.0,64,52
68.0,77.0,64,52
68.0,77.0,64,52
68.0,77.0,64,52
68.0,78.0,64,52
68.0,78.0,64,52
68.0,78.0,64,52
69.0,78.0,64,52
68.0,77.0,64,52
68.0,78.0,64,52
68.0,78.0,64,52
68.0,78.0,64,52
68.0,79.0,64,52
68.0,79.0,64,52
68.0,79.0,64,52
68.0,79.0,64,52
68.0,79.0,64,52
68.0,78.0,64,52
68.0,77.0,64,52
68.0,76.0,64,52
69.0,76.0,64,52
69.0,74.0,64,52
69.0,74.0,64,52
69.0,73.0,64,52
69.0,73.0,64,52
69.0,72.0,64,52
69.0,72.0,64,52
69.0,72.0,64,52
69.0,72.0,64,52
69.0,72.0,64,52
69.0,72.0,64,52
69.0,71.0,64,52
69.0,71.0,64,52
69.0,70.0,64,52
69.0,70.0,64,52
69.0,71.0,64,52
69.0,71.0,64,52
69.0,72.0,64,52
69.0,72.0,64,52
69.0,73.0,64,52
69.0,73.0,64,52
69.0,73.0,64,52
69.0,73.0,64,52
69.0,73.0,64,52
69.0,73.0,64,52
69.0,72.0,64,52
69.0,72.0,64,52
69.0,72.0,64,52
69.0,71.0,64,52
69.0,72.0,64,52
69.0,72.0,64,52
69.0,73.0,64,52
69.0,73.0,64,52
69.0,73.0,64,52
69.0,74.0,64,52
69.0,74.0,64,52
69.0,75.0,64,52
69.0,75.0,64,52
68.0,74.0,64,52
68.0,74.0,64,52
68.0,74.0,64,52
68.0,73.0,64,52
68.0,74.0,64,52
68.0,73.0,64,52
68.0,73.0,64,52
68.0,73.0,64,52
68.0,72.0,64,52
68.0,72.0,64,52
68.0,72.0,64,52
68.0,72.0,64,52
68.0,72.0,64,52
68.0,71.0,64,52
68.0,71.0,64,52
68.0,72.0,64,52
68.0,71.0,64,52
68.0,72.0,64,52
68.0,72.0,64,52
68.0,72.0,64,52
68.0,72.0,64,52
67.0,73.0,64,52
67.0,73.0,64,52
67.0,74.0,64,52
67.0,74.0,64,52
67.0,74.0,64,52
67.0,74.0,64,52
67.0,74.0,64,52
66.0,74.0,64,52
66.0,74.0,64,52
66.0,74.0,64,52
66.0,74.0,64,52
66.0,74.0,64,52
65.0,74.0,64,52
65.0,74.0,64,52
65.0,74.0,64,52
65.0,74.0,64,52
65.0,75.0,64,52
64.0,74.0,64,52
64.0,73.0,64,52
64.0,73.0,64,52
64.0,72.0,64,52
63.0,72.0,64,52
64.0,72.0,64,52
63.0,72.0,64,52
63.0,71.0,64,52
63.0,71.0,64,52
62.0,71.0,64,52
62.0,71.0,64,52
62.0,71.0,64,52
62.0,71.0,64,52
62.0,72.0,64,52
61.0,71.0,64,52
61.0,72.0,64,52
61.0,71.0,64,52
61.0,71.0,64,52
61.0,71.0,64,52
61.0,70.0,64,52
60.0,70.0,64,52
60.0,70.0,64,52
60.0,70.0,64,52
60.0,70.0,64,52
60.0,69.0,64,52
59.0,69.0,64,52
60.0,69.0,64,52
59.0,69.0,64,52
59.0,69.0,64,52
59.0,69.0,64,52
59.0,69.0,64,52
59.0,69.0,64,52
59.0,69.0,64,52
59.0,69.0,64,52
59.0,70.0,64,52
59.0,70.0,64,52
59.0,71.0,64,52
58.0,71.0,64,52
58.0,71.0,64,52
58.0,72.0,64,52
58.0,72.0,64,52
58.0,72.0,64,52
59.0,72.0,64,52
59.0,71.0,64,52
59.0,71.0,64,52
59.0,71.0,64,52
59.0,72.0,64,52
59.0,72.0,64,52
59.0,73.0,64,52
59.0,74.0,64,52
59.0,74.0,64,52
60.0,74.0,64,52
60.0,75.0,64,52
60.0,75.0,64,52
60.0,75.0,64,52
60.0,74.0,64,52
60.0,74.0,64,52
60.0,74.0,64,52
61.0,73.0,64,52
61.0,73.0,64,52
61.0,72.0,64,52
61.0,72.0,64,52
61.0,72.0,64,52
61.0,72.0,64,52
61.0,71.0,64,52
61.0,71.0,64,52
61.0,70.0,64,52
61.0,70.0,64,52
62.0,70.0,64,52
62.0,70.0,64,52
62.0,70.0,64,52
62.0,70.0,64,52
62.0,70.0,64,52
62.0,70.0,64,52
62.0,71.0,64,52
62.0,71.0,64,52
62.0,72.0,64,52
63.0,72.0,64,52
63.0,72.0,64,52
63.0,72.0,64,52
63.0,72.0,64,52
63.0,72.0,64,52
63.0,72.0,64,52
63.0,71.0,64,52
64.0,71.0,64,52
64.0,71.0,64,52
64.0,70.0,64,52
64.0,70.0,64,52
64.0,71.0,64,52
64.0,71.0,64,52
64.0,72.0,64,52
65.0,72.0,64,52
65.0,72.0,64,52
65.0,72.0,64,52
65.0,72.0,64,52
65.0,72.0,64,52
65.0,73.0,64,52
65.0,73.0,64,52
65.0,73.0,64,52
66.0,73.0,64,52
66.0,74.0,64,52
66.0,74.0,64,52
66.0,74.0,64,52
66.0,74.0,64,52
66.0,74.0,64,52
66.0,74.0,64,52
67.0,74.0,64,52
67.0,74.0,64,52
67.0,74.0,64,52
67.0,74.0,64,52
67.0,74.0,64,52
67.0,74.0,64,52
67.0,73.0,64,52
67.0,72.0,64,52
67.0,71.0,64,52
67.0,70.0,64,52
67.0,69.0,64,52
67.0,69.0,64,52
67.0,68.0,64,52
67.0,69.0,64,52
68.0,69.0,64,52
67.0,70.0,64,52
67.0,70.0,64,52
67.0,72.0,64,52
67.0,73.0,64,52
67.0,73.0,64,52
67.0,73.0,64,52
67.0,73.0,64,52
67.0,73.0,64,52
67.0,74.0,64,52
67.0,76.0,64,52
67.0,77.0,64,52
67.0,77.0,64,52
67.0,77.0,64,52
67.0,76.0,64,52
67.0,76.0,64,52
66.0,74.0,64,52
67.0,73.0,64,52
67.0,73.0,64,52
67.0,73.0,64,52
67.0,73.0,64,52
67.0,74.0,64,52
67.0,74.0,64,52
67.0,74.0,64,52
67.0,74.0,64,52
67.0,74.0,64,52
67.0,74.0,64,52
67.0,73.0,64,52
67.0,73.0,64,52
67.0,74.0,64,52
67.0,74.0,64,52
67.0,74.0,64,52
67.0,75.0,64,52
67.0,75.0,64,52
68.0,74.0,64,52
68.0,74.0,64,52
68.0,73.0,64,52
69.0,74.0,64,52
69.0,74.0,64,52
69.0,74.0,64,52
69.0,75.0,64,52
69.0,75.0,64,52
69.0,75.0,64,52
70.0,76.0,64,52
70.0,75.0,64,52
70.0,75.0,64,52
70.0,75.0,64,52
70.0,74.0,64,52
71.0,74.0,64,52
71.0,73.0,64,52
71.0,74.0,64,52
71.0,74.0,64,52
71.0,75.0,64,52
71.0,76.0,64,52
71.0,76.0,64,52
71.0,77.0,64,52
71.0,77.0,64,52
72.0,76.0,64,52
72.0,77.0,64,52
72.0,77.0,64,52
72.0,77.0,64,52
72.0,77.0,64,52
72.0,77.0,64,52
72.0,77.0,64,52
72.0,77.0,64,52
72.0,77.0,64,52
72.0,77.0,64,52
71.0,77.0,64,52
71.0,77.0,64,52
71.0,77.0,64,52
71.0,77.0,64,52
72.0,77.0,64,52
72.0,77.0,64,52
72.0,77.0,64,52
72.0,77.0,64,52
72.0,77.0,64,52
73.0,77.0,64,52
73.0,76.0,64,52
73.0,76.0,64,52
73.0,76.0,64,52
73.0,76.0,64,52
74.0,76.0,64,52
74.0,75.0,64,52
74.0,75.0,64,52
74.0,75.0,64,52
74.0,75.0,64,52
74.0,75.0,64,52
74.0,75.0,64,52
74.0,76.0,64,52
74.0,77.0,64,52
74.0,77.0,64,52
75.0,77.0,64,52
75.0,78.0,64,52
76.0,78.0,64,52
77.0,79.0,64,52
77.0,79.0,64,52
77.0,78.0,64,52
78.0,79.0,64,52
78.0,78.0,64,52
78.0,78.0,64,52
79.0,78.0,64,52
79.0,77.0,64,52
80.0,77.0,64,52
80.0,76.0,64,52
81.0,75.0,64,52
81.0,75.0,64,52
82.0,74.0,64,52
82.0,74.0,64,52
82.0,74.0,64,52
83.0,74.0,64,52
84.0,74.0,64,52
85.0,75.0,64,52
85.0,75.0,64,52
85.0,75.0,64,52
86.0,75.0,64,52
86.0,76.0,64,52
87.0,75.0,64,52
87.0,74.0,64,52
87.0,74.0,64,52
88.0,74.0,64,52
88.0,75.0,64,52
88.0,75.0,64,52
88.0,75.0,64,52
89.0,75.0,64,52
89.0,76.0,64,52
89.0,76.0,64,52
90.0,76.0,64,52
90.0,77.0,64,52
91.0,76.0,64,52
90.0,77.0,64,52
91.0,77.0,64,52
91.0,76.0,64,52
91.0,76.0,64,52
92.0,76.0,64,52
92.0,76.0,64,52
92.0,77.0,64,52
92.0,78.0,64,52
92.0,79.0,64,52
92.0,80.0,64,52
93.0,80.0,64,52
93.0,79.0,64,52
93.0,80.0,64,52
93.0,79.0,64,52
93.0,79.0,64,52
93.0,79.0,64,52
93.0,79.0,64,52
94.0,78.0,64,52
94.0,77.0,64,52
94.0,77.0,64,52
95.0,77.0,64,52
95.0,76.0,64,52
96.0,77.0,64,52
96.0,77.0,64,52
97.0,77.0,64,52
98.0,77.0,64,52
98.0,76.0,64,52
99.0,75.0,64,52
100.0,74.0,64,52
101.0,74.0,64,52
102.0,74.0,64,52
103.0,74.0,64,52
104.0,73.0,64,52
104.0,73.0,64,52
105.0,73.0,64,52
106.0,74.0,64,52
107.0,75.0,64,52
108.0,75.0,64,52
109.0,75.0,64,52
110.0,75.0,64,52
111.0,75.0,64,52
112.0,75.0,64,52
113.0,74.0,64,52
114.0,74.0,64,52
115.0,73.0,64,52
116.0,72.0,64,52
117.0,72.0,64,52
118.0,71.0,64,52
119.0,72.0,64,52
120.0,70.0,64,52
121.0,71.0,64,52
122.0,71.0,64,52
123.0,71.0,64,52
124.0,71.0,64,52
125.0,71.0,64,52
126.0,71.0,64,52
127.0,72.0,64,52
128.0,71.0,64,52
129.0,72.0,64,52
130.0,71.0,64,52
132.0,72.0,64,52
133.0,72.0,64,52
134.0,73.0,64,52
135.0,74.0,64,52
136.0,73.0,64,52
137.0,73.0,64,52
138.0,72.0,64,52
139.0,72.0,64,52
139.0,72.0,64,52
140.0,71.0,64,52
141.0,72.0,64,52
141.0,73.0,64,52
142.0,73.0,64,52
143.0,74.0,64,52
143.0,75.0,64,52
144.0,75.0,64,52
144.0,76.0,64,52
145.0,76.0,64,52
146.0,77.0,64,52
146.0,77.0,64,52
146.0,77.0,64,52
147.0,77.0,64,52
148.0,76.0,64,52
148.0,76.0,64,52
148.0,76.0,64,52
148.0,76.0,64,52
148.0,76.0,64,52
148.0,76.0,64,52
148.0,75.0,64,52
149.0,75.0,64,52
148.0,75.0,64,52
149.0,74.0,64,52
149.0,74.0,64,52
149.0,74.0,64,52
149.0,73.0,64,52
149.0,74.0,64,52
149.0,73.0,64,52
149.0,73.0,64,52
149.0,73.0,64,52
149.0,73.0,64,52
149.0,73.0,64,52
150.0,73.0,64,52
150.0,73.0,64,52
150.0,73.0,64,52
150.0,73.0,64,52
150.0,73.0,64,52
150.0,74.0,64,52
150.0,74.0,64,52
150.0,73.0,64,52
150.0,73.0,64,52
150.0,73.0,64,52
150.0,73.0,64,52
150.0,73.0,64,52
150.0,73.0,64,52
150.0,72.0,64,52
150.0,72.0,64,52
150.0,72.0,64,52
150.0,72.0,64,52
150.0,72.0,64,52
150.0,72.0,64,52
150.0,72.0,64,52
149.0,72.0,64,52
149.0,73.0,64,52
149.0,73.0,64,52
149.0,73.0,64,52
149.0,73.0,64,52
149.0,72.0,64,52
149.0,72.0,64,52
149.0,72.0,64,52
149.0,72.0,64,52
149.0,72.0,64,52
149.0,72.0,64,52
148.0,72.0,64,52
148.0,72.0,64,52
148.0,73.0,64,52
148.0,73.0,64,52
148.0,73.0,64,52
148.0,72.0,64,52
148.0,71.0,64,52
148.0,70.0,64,52
148.0,70.0,64,52
148.0,70.0,64,52
147.0,70.0,64,52
147.0,70.0,64,52
146.0,70.0,64,52
146.0,70.0,64,52
145.0,70.0,64,52
145.0,69.0,64,52
145.0,70.0,64,52
145.0,70.0,64,52
144.0,69.0,64,52
144.0,69.0,64,52
144.0,69.0,64,52
143.0,68.0,64,52
142.0,69.0,64,52
142.0,68.0,64,52
141.0,68.0,64,52
140.0,68.0,64,52
139.0,68.0,64,52
139.0,68.0,64,52
138.0,68.0,64,52
137.0,68.0,64,52
137.0,69.0,64,52
136.0,68.0,64,52
135.0,68.0,64,52
134.0,68.0,64,52
133.0,68.0,64,52
132.0,68.0,64,52
132.0,68.0,64,52
131.0,68.0,64,52
131.0,68.0,64,52
130.0,68.0,64,52
129.0,67.0,64,52
129.0,68.0,64,52
128.0,67.0,64,52
128.0,67.0,64,52
127.0,68.0,64,52
127.0,67.0,64,52
126.0,68.0,64,52
126.0,68.0,64,52
125.0,68.0,64,52
124.0,68.0,64,52
124.0,68.0,64,52
124.0,67.0,64,52
123.0,67.0,64,52
123.0,68.0,64,52
122.0,68.0,64,52
122.0,67.0,64,52
121.0,67.0,64,52
121.0,66.0,64,52
121.0,66.0,64,52
120.0,65.0,64,52
120.0,65.0,64,52
120.0,66.0,64,52
119.0,65.0,64,52
110.0,90.0,64,52
119.0,67.0,64,52
119.0,67.0,64,52
118.0,67.0,64,52
118.0,66.0,64,52
118.0,67.0,64,52
118.0,65.0,64,52
110.0,90.0,64,52
117.0,67.0,64,52
117.0,65.0,64,52
117.0,66.0,64,52
117.0,66.0,64,52
117.0,66.0,64,52
117.0,67.0,64,52
117.0,67.0,64,52
117.0,68.0,64,52
117.0,68.0,64,52
117.0,67.0,64,52
116.0,67.0,64,52
116.0,66.0,64,52
116.0,66.0,64,52
116.0,65.0,64,52
116.0,64.0,64,52
116.0,65.0,64,52
116.0,65.0,64,52
116.0,65.0,64,52
116.0,65.0,64,52
117.0,66.0,64,52
117.0,67.0,64,52
117.0,66.0,64,52
117.0,66.0,64,52
117.0,66.0,64,52
118.0,65.0,64,52
118.0,65.0,64,52
118.0,64.0,64,52
118.0,65.0,64,52
118.0,66.0,64,52
118.0,66.0,64,52
118.0,66.0,64,52
118.0,66.0,64,52
119.0,65.0,64,52
119.0,66.0,64,52
119.0,64.0,64,52
119.0,63.0,64,52
119.0,63.0,64,52
119.0,62.0,64,52
120.0,62.0,64,52
120.0,63.0,64,52
120.0,63.0,64,52
120.0,63.0,64,52
120.0,63.0,64,52
120.0,64.0,64,52
120.0,65.0,64,52
120.0,64.0,64,52
120.0,65.0,64,52
120.0,66.0,64,52
120.0,66.0,64,52
121.0,66.0,64,52
121.0,67.0,64,52
121.0,65.0,64,52
121.0,65.0,64,52
121.0,65.0,64,52
121.0,65.0,64,52
122.0,64.0,64,52
122.0,65.0,64,52
122.0,65.0,64,52
122.0,66.0,64,52
122.0,66.0,64,52
122.0,67.0,64,52
122.0,66.0,64,52
122.0,66.0,64,52
123.0,65.0,64,52
123.0,65.0,64,52
123.0,64.0,64,52
123.0,64.0,64,52
123.0,63.0,64,52
123.0,62.0,64,52
123.0,62.0,64,52
123.0,61.0,64,52
123.0,61.0,64,52
123.0,61.0,64,52
123.0,61.0,64,52
123.0,61.0,64,52
123.0,61.0,64,52
123.0,62.0,64,52
122.0,61.0,64,52
122.0,62.0,64,52
122.0,61.0,64,52
122.0,62.0,64,52
132.0,72.0,64,52
132.0,90.0,64,52
110.0,90.0,64,52
122.0,64.0,64,52
122.0,64.0,64,52
132.0,54.0,64,52
122.0,64.0,64,52
122.0,65.0,64,52
122.0,66.0,64,52
121.0,65.0,64,52
121.0,67.0,64,52
121.0,67.0,64,52
121.0,67.0,64,52
121.0,67.0,64,52
121.0,67.0,64,52
121.0,67.0,64,52
110.0,54.0,64,52
121.0,66.0,64,52
121.0,66.0,64,52
121.0,65.0,64,52
121.0,66.0,64,52
121.0,65.0,64,52
120.0,66.0,64,52
121.0,65.0,64,52
120.0,65.0,64,52
120.0,65.0,64,52
120.0,64.0,64,52
120.0,64.0,64,52
120.0,65.0,64,52
120.0,65.0,64,52
120.0,65.0,64,52
120.0,65.0,64,52
120.0,65.0,64,52
120.0,66.0,64,52
120.0,66.0,64,52
120.0,67.0,64,52
120.0,67.0,64,52
120.0,69.0,64,52
120.0,69.0,64,52
120.0,70.0,64,52
120.0,70.0,64,52
120.0,70.0,64,52
120.0,70.0,64,52
120.0,70.0,64,52
120.0,70.0,64,52
119.0,70.0,64,52
119.0,70.0,64,52
119.0,71.0,64,52
119.0,70.0,64,52
119.0,71.0,64,52
119.0,71.0,64,52
119.0,71.0,64,52
119.0,71.0,64,52
119.0,71.0,64,52
119.0,72.0,64,52
119.0,73.0,64,52
119.0,74.0,64,52
119.0,75.0,64,52
119.0,75.0,64,52
119.0,74.0,64,52
119.0,74.0,64,52
119.0,71.0,64,52
119.0,69.0,64,52
120.0,68.0,64,52
120.0,69.0,64,52
119.0,69.0,64,52
119.0,70.0,64,52
119.0,71.0,64,52
119.0,71.0,64,52
119.0,73.0,64,52
119.0,73.0,64,52
119.0,73.0,64,52
119.0,73.0,64,52
119.0,72.0,64,52
119.0,71.0,64,52
119.0,71.0,64,52
119.0,71.0,64,52
119.0,71.0,64,52
119.0,71.0,64,52
120.0,72.0,64,52
119.0,71.0,64,52
119.0,71.0,64,52
120.0,70.0,64,52
119.0,70.0,64,52
120.0,70.0,64,52
120.0,70.0,64,52
120.0,70.0,64,52
120.0,71.0,64,52
120.0,71.0,64,52
120.0,72.0,64,52
120.0,72.0,64,52
120.0,72.0,64,52
120.0,72.0,64,52
120.0,72.0,64,52
121.0,72.0,64,52
121.0,72.0,64,52
121.0,72.0,64,52
121.0,73.0,64,52
121.0,72.0,64,52
121.0,72.0,64,52
121.0,72.0,64,52
121.0,72.0,64,52
121.0,72.0,64,52
122.0,71.0,64,52
122.0,72.0,64,52
122.0,71.0,64,52
122.0,71.0,64,52
122.0,70.0,64,52
122.0,71.0,64,52
122.0,70.0,64,52
122.0,70.0,64,52
122.0,70.0,64,52
122.0,70.0,64,52
122.0,70.0,64,52
122.0,69.0,64,52
122.0,70.0,64,52
123.0,70.0,64,52
122.0,70.0,64,52
123.0,70.0,64,52
123.0,69.0,64,52
123.0,70.0,64,52
123.0,70.0,64,52
123.0,70.0,64,52
123.0,70.0,64,52
124.0,71.0,64,52
124.0,72.0,64,52
125.0,72.0,64,52
125.0,72.0,64,52
126.0,73.0,64,52
126.0,73.0,64,52
126.0,73.0,64,52
126.0,73.0,64,52
126.0,74.0,64,52
126.0,74.0,64,52
126.0,74.0,64,52
126.0,74.0,64,52
126.0,75.0,64,52
126.0,75.0,64,52
126.0,75.0,64,52
126.0,75.0,64,52
127.0,76.0,64,52
127.0,75.0,64,52
127.0,76.0,64,52
127.0,76.0,64,52
128.0,75.0,64,52
128.0,75.0,64,52
129.0,75.0,64,52
129.0,75.0,64,52
130.0,76.0,64,52
130.0,75.0,64,52
130.0,76.0,64,52
131.0,76.0,64,52