144,63,57,89
143.0,62.0,57,89
143.0,62.0,57,89
143.0,62.0,57,89
143.0,62.0,57,89
143.0,62.0,57,89
143.0,62.0,57,89
143.0,62.0,57,89
143.0,62.0,57,89
143.0,62.0,57,89
143.0,62.0,57,89
143.0,62.0,57,89
143.0,62.0,57,89
143.0,62.0,57,89
143.0,62.0,57,89
143.0,62.0,57,89
143.0,62.0,57,89
143.0,62.0,57,89
143.0,62.0,57,89
143.0,62.0,57,89
143.0,62.0,57,89
143.0,62.0,57,89
143.0,62.0,57,89
143.0,62.0,57,89
143.0,62.0,57,89
143.0,62.0,57,89
143.0,62.0,57,89
143.0,62.0,57,89
143.0,62.0,57,89
143.0,62.0,57,89
143.0,62.0,57,89
143.0,62.0,57,89
143.0,62.0,57,89
143.0,62.0,57,89
143.0,62.0,57,89
143.0,62.0,57,89
143.0,62.0,57,89
143.0,62.0,57,89
142.0,62.0,57,89
142.0,62.0,57,89
142.0,61.0,57,89
142.0,61.0,57,89
143.0,60.0,57,89
143.0,60.0,57,89
143.0,60.0,57,89
142.0,60.0,57,89
142.0,60.0,57,89
142.0,60.0,57,89
143.0,61.0,57,89
143.0,62.0,57,89
142.0,63.0,57,89
142.0,63.0,57,89
142.0,62.0,57,89
142.0,62.0,57,89
141.0,62.0,57,89
141.0,62.0,57,89
141.0,62.0,57,89
141.0,62.0,57,89
141.0,61.0,57,89
141.0,61.0,57,89
141.0,61.0,57,89
141.0,61.0,57,89
141.0,61.0,57,89
141.0,61.0,57,89
141.0,61.0,57,89
142.0,61.0,57,89
143.0,61.0,57,89
142.0,61.0,57,89
142.0,61.0,57,89
142.0,61.0,57,89
142.0,61.0,57,89
142.0,61.0,57,89
142.0,61.0,57,89
142.0,61.0,57,89
142.0,61.0,57,89
142.0,61.0,57,89
142.0,61.0,57,89
142.0,61.0,57,89
141.0,61.0,57,89
141.0,61.0,57,89
141.0,61.0,57,89
141.0,61.0,57,89
141.0,61.0,57,89
141.0,61.0,57,89
141.0,60.0,57,89
142.0,60.0,57,89
142.0,60.0,57,89
142.0,61.0,57,89
142.0,61.0,57,89
142.0,61.0,57,89
142.0,61.0,57,89
142.0,61.0,57,89
142.0,61.0,57,89
142.0,61.0,57,89
142.0,61.0,57,89
142.0,61.0,57,89
142.0,61.0,57,89
142.0,61.0,57,89
142.0,61.0,57,89
142.0,61.0,57,89
141.0,61.0,57,89
141.0,61.0,57,89
141.0,61.0,57,89
141.0,61.0,57,89
141.0,61.0,57,89
141.0,61.0,57,89
141.0,61.0,57,89
141.0,61.0,57,89
141.0,60.0,57,89
141.0,59.0,57,89
141.0,59.0,57,89
141.0,59.0,57,89
141.0,59.0,57,89
141.0,59.0,57,89
141.0,59.0,57,89
141.0,59.0,57,89
142.0,59.0,57,89
142.0,60.0,57,89
142.0,60.0,57,89
142.0,60.0,57,89
142.0,60.0,57,89
141.0,60.0,57,89
141.0,59.0,57,89
140.0,59.0,57,89
138.0,59.0,57,89
136.0,59.0,57,89
134.0,59.0,57,89
130.0,60.0,57,89
125.0,60.0,57,89
120.0,61.0,57,89
116.0,61.0,57,89
112.0,61.0,57,89
107.0,61.0,57,89
102.0,60.0,57,89
99.0,60.0,57,89
99.0,60.0,57,89
99.0,60.0,57,89
99.0,60.0,57,89
99.0,60.0,57,89
99.0,60.0,57,89
99.0,60.0,57,89
99.0,60.0,57,89
99.0,60.0,57,89
99.0,60.0,57,89
99.0,60.0,57,89
99.0,60.0,57,89
100.0,60.0,57,89
100.0,60.0,57,89
101.0,59.0,57,89
101.0,59.0,57,89
102.0,59.0,57,89
103.0,59.0,57,89
103.0,59.0,57,89
103.0,59.0,57,89
103.0,59.0,57,89
103.0,59.0,57,89
103.0,59.0,57,89
103.0,59.0,57,89
102.0,59.0,57,89
102.0,59.0,57,89
101.0,59.0,57,89
101.0,59.0,57,89
100.0,59.0,57,89
100.0,60.0,57,89
100.0,60.0,57,89
100.0,59.0,57,89
100.0,57.0,57,89
100.0,56.0,57,89
99.0,55.0,57,89
98.0,55.0,57,89
97.0,55.0,57,89
97.0,55.0,57,89
97.0,54.0,57,89
97.0,54.0,57,89
97.0,55.0,57,89
97.0,56.0,57,89
97.0,57.0,57,89
97.0,57.0,57,89
98.0,57.0,57,89
98.0,59.0,57,89
98.0,60.0,57,89
98.0,60.0,57,89
98.0,60.0,57,89
98.0,60.0,57,89
98.0,60.0,57,89
97.0,60.0,57,89
95.0,60.0,57,89
92.0,61.0,57,89
88.0,62.0,57,89
85.0,62.0,57,89
82.0,62.0,57,89
79.0,62.0,57,89
75.0,63.0,57,89
70.0,63.0,57,89
66.0,63.0,57,89
62.0,64.0,57,89
60.0,64.0,57,89
58.0,64.0,57,89
56.0,64.0,57,89
54.0,64.0,57,89
53.0,64.0,57,89
51.0,64.0,57,89
50.0,64.0,57,89
50.0,64.0,57,89
49.0,64.0,57,89
48.0,64.0,57,89
47.0,64.0,57,89
47.0,64.0,57,89
47.0,64.0,57,89
47.0,64.0,57,89
47.0,64.0,57,89
47.0,64.0,57,89
47.0,64.0,57,89
47.0,64.0,57,89
47.0,64.0,57,89
47.0,64.0,57,89
47.0,64.0,57,89
47.0,64.0,57,89
47.0,64.0,57,89
47.0,64.0,57,89
47.0,65.0,57,89
47.0,65.0,57,89
47.0,65.0,57,89
47.0,65.0,57,89
47.0,65.0,57,89
47.0,65.0,57,89
47.0,65.0,57,89
47.0,65.0,57,89
47.0,65.0,57,89
47.0,65.0,57,89
47.0,65.0,57,89
47.0,65.0,57,89
48.0,65.0,57,89
50.0,65.0,57,89
54.0,65.0,57,89
57.0,65.0,57,89
61.0,66.0,57,89
65.0,66.0,57,89
70.0,66.0,57,89
74.0,66.0,57,89
78.0,66.0,57,89
81.0,65.0,57,89
84.0,65.0,57,89
87.0,65.0,57,89
91.0,64.0,57,89
94.0,64.0,57,89
97.0,64.0,57,89
99.0,64.0,57,89
101.0,64.0,57,89
103.0,63.0,57,89
106.0,62.0,57,89
107.0,62.0,57,89
107.0,62.0,57,89
107.0,62.0,57,89
107.0,62.0,57,89
107.0,62.0,57,89
107.0,62.0,57,89
106.0,62.0,57,89
104.0,62.0,57,89
101.0,62.0,57,89
97.0,62.0,57,89
92.0,63.0,57,89
88.0,63.0,57,89
84.0,63.0,57,89
80.0,63.0,57,89
77.0,64.0,57,89
75.0,64.0,57,89
73.0,64.0,57,89
71.0,64.0,57,89
70.0,64.0,57,89
70.0,64.0,57,89
70.0,64.0,57,89
70.0,64.0,57,89
72.0,64.0,57,89
75.0,64.0,57,89
79.0,64.0,57,89
83.0,65.0,57,89
88.0,65.0,57,89
92.0,65.0,57,89
97.0,65.0,57,89
100.0,65.0,57,89
102.0,65.0,57,89
104.0,66.0,57,89
105.0,65.0,57,89
105.0,65.0,57,89
105.0,65.0,57,89
105.0,65.0,57,89
105.0,65.0,57,89
105.0,65.0,57,89
104.0,65.0,57,89
102.0,65.0,57,89
100.0,64.0,57,89
97.0,64.0,57,89
93.0,64.0,57,89
89.0,64.0,57,89
85.0,64.0,57,89
81.0,64.0,57,89
77.0,64.0,57,89
73.0,64.0,57,89
69.0,64.0,57,89
66.0,64.0,57,89
63.0,64.0,57,89
60.0,65.0,57,89
59.0,64.0,57,89
59.0,64.0,57,89
59.0,64.0,57,89
59.0,63.0,57,89
60.0,63.0,57,89
61.0,62.0,57,89
60.0,62.0,57,89
59.0,62.0,57,89
59.0,63.0,57,89
59.0,62.0,57,89
59.0,62.0,57,89
59.0,62.0,57,89
59.0,62.0,57,89
59.0,62.0,57,89
59.0,62.0,57,89
59.0,62.0,57,89
59.0,62.0,57,89
59.0,62.0,57,89
59.0,62.0,57,89
59.0,62.0,57,89
59.0,62.0,57,89
59.0,62.0,57,89
59.0,62.0,57,89
59.0,62.0,57,89