141,73,27,34
140.0,73.0,27,34
140.0,73.0,27,34
140.0,73.0,27,34
141.0,73.0,27,34
141.0,73.0,27,34
141.0,73.0,27,34
142.0,73.0,27,34
142.0,73.0,27,34
143.0,73.0,27,34
144.0,73.0,27,34
144.0,73.0,27,34
144.0,73.0,27,34
145.0,73.0,27,34
145.0,73.0,27,34
146.0,73.0,27,34
147.0,73.0,27,34
148.0,73.0,27,34
149.0,73.0,27,34
150.0,73.0,27,34
152.0,73.0,27,34
152.0,73.0,27,34
153.0,73.0,27,34
155.0,73.0,27,34
156.0,73.0,27,34
158.0,72.0,27,34
159.0,72.0,27,34
161.0,72.0,27,34
162.0,72.0,27,34
163.0,72.0,27,34
166.0,72.0,27,34
166.0,72.0,27,34
167.0,72.0,27,34
168.0,72.0,27,34
169.0,72.0,27,34
170.0,72.0,27,34
171.0,72.0,27,34
172.0,72.0,27,34
172.0,72.0,27,34
173.0,72.0,27,34
174.0,71.0,27,34
174.0,71.0,27,34
175.0,71.0,27,34
175.0,71.0,27,34
175.0,71.0,27,34
175.0,71.0,27,34
174.0,71.0,27,34
174.0,71.0,27,34
173.0,71.0,27,34
172.0,71.0,27,34
171.0,71.0,27,34
171.0,71.0,27,34
169.0,71.0,27,34
168.0,71.0,27,34
166.0,71.0,27,34
165.0,71.0,27,34
163.0,71.0,27,34
161.0,71.0,27,34
159.0,71.0,27,34
158.0,71.0,27,34
154.0,71.0,27,34
154.0,71.0,27,34
152.0,71.0,27,34
150.0,72.0,27,34
148.0,72.0,27,34
146.0,72.0,27,34
145.0,72.0,27,34
143.0,72.0,27,34
141.0,72.0,27,34
139.0,72.0,27,34
135.0,73.0,27,34
135.0,73.0,27,34
133.0,73.0,27,34
132.0,73.0,27,34
130.0,73.0,27,34
128.0,73.0,27,34
126.0,73.0,27,34
125.0,74.0,27,34
123.0,74.0,27,34
121.0,74.0,27,34
119.0,74.0,27,34
119.0,74.0,27,34
118.0,74.0,27,34
117.0,75.0,27,34
116.0,75.0,27,34
116.0,75.0,27,34
115.0,75.0,27,34
115.0,75.0,27,34
115.0,75.0,27,34
115.0,76.0,27,34
115.0,76.0,27,34
115.0,76.0,27,34
115.0,76.0,27,34
115.0,76.0,27,34
115.0,76.0,27,34
116.0,76.0,27,34
116.0,76.0,27,34
116.0,76.0,27,34
117.0,77.0,27,34
117.0,77.0,27,34
117.0,77.0,27,34
117.0,77.0,27,34
117.0,77.0,27,34
118.0,77.0,27,34
118.0,77.0,27,34
119.0,77.0,27,34
119.0,77.0,27,34
120.0,77.0,27,34
121.0,77.0,27,34
122.0,78.0,27,34
125.0,78.0,27,34
125.0,78.0,27,34
126.0,78.0,27,34
128.0,78.0,27,34
129.0,78.0,27,34
130.0,78.0,27,34
131.0,78.0,27,34
132.0,77.0,27,34
133.0,77.0,27,34
135.0,77.0,27,34
137.0,77.0,27,34
137.0,77.0,27,34
138.0,77.0,27,34
139.0,77.0,27,34
141.0,77.0,27,34
142.0,77.0,27,34
142.0,76.0,27,34
143.0,76.0,27,34
144.0,76.0,27,34
145.0,76.0,27,34
146.0,76.0,27,34
146.0,76.0,27,34
147.0,76.0,27,34
148.0,76.0,27,34
149.0,76.0,27,34
150.0,76.0,27,34
151.0,76.0,27,34
151.0,77.0,27,34
152.0,77.0,27,34
153.0,77.0,27,34
154.0,77.0,27,34
154.0,77.0,27,34
154.0,77.0,27,34
154.0,78.0,27,34
154.0,78.0,27,34
154.0,79.0,27,34
154.0,79.0,27,34
154.0,80.0,27,34
154.0,80.0,27,34
154.0,81.0,27,34
153.0,82.0,27,34
153.0,82.0,27,34
153.0,83.0,27,34
153.0,83.0,27,34
153.0,84.0,27,34
153.0,84.0,27,34
153.0,85.0,27,34
153.0,86.0,27,34
152.0,87.0,27,34
152.0,87.0,27,34
152.0,88.0,27,34
152.0,88.0,27,34
152.0,89.0,27,34
152.0,89.0,27,34
152.0,89.0,27,34
152.0,89.0,27,34
152.0,89.0,27,34
152.0,89.0,27,34
152.0,89.0,27,34
152.0,89.0,27,34
152.0,89.0,27,34
152.0,89.0,27,34
152.0,89.0,27,34
151.0,89.0,27,34
151.0,89.0,27,34
151.0,88.0,27,34
151.0,88.0,27,34
151.0,88.0,27,34
150.0,88.0,27,34
150.0,87.0,27,34
150.0,86.0,27,34
150.0,86.0,27,34
149.0,86.0,27,34
149.0,86.0,27,34
149.0,86.0,27,34
149.0,86.0,27,34
148.0,86.0,27,34
148.0,86.0,27,34
148.0,86.0,27,34
148.0,86.0,27,34
147.0,86.0,27,34
147.0,86.0,27,34
146.0,86.0,27,34
146.0,86.0,27,34
146.0,86.0,27,34
145.0,86.0,27,34
145.0,86.0,27,34
145.0,86.0,27,34
145.0,85.0,27,34
145.0,85.0,27,34
144.0,85.0,27,34
144.0,85.0,27,34
144.0,85.0,27,34
144.0,84.0,27,34
144.0,84.0,27,34
144.0,84.0,27,34
143.0,84.0,27,34
143.0,84.0,27,34
143.0,84.0,27,34
142.0,84.0,27,34
141.0,84.0,27,34
141.0,84.0,27,34
140.0,84.0,27,34
139.0,84.0,27,34
138.0,84.0,27,34
136.0,85.0,27,34
134.0,85.0,27,34
132.0,85.0,27,34
129.0,85.0,27,34
127.0,85.0,27,34
121.0,86.0,27,34
121.0,86.0,27,34
119.0,86.0,27,34
116.0,86.0,27,34
114.0,86.0,27,34
111.0,86.0,27,34
109.0,86.0,27,34
107.0,86.0,27,34
105.0,86.0,27,34
104.0,86.0,27,34
100.0,85.0,27,34
100.0,85.0,27,34
99.0,85.0,27,34
98.0,85.0,27,34
97.0,85.0,27,34
96.0,85.0,27,34
96.0,85.0,27,34
95.0,85.0,27,34
95.0,85.0,27,34
94.0,85.0,27,34
94.0,86.0,27,34
94.0,86.0,27,34
94.0,86.0,27,34
94.0,86.0,27,34
94.0,86.0,27,34
94.0,87.0,27,34
94.0,87.0,27,34
94.0,87.0,27,34
95.0,88.0,27,34
95.0,88.0,27,34
96.0,90.0,27,34
96.0,90.0,27,34
96.0,90.0,27,34
96.0,91.0,27,34
96.0,91.0,27,34
96.0,92.0,27,34
95.0,92.0,27,34
94.0,92.0,27,34
93.0,92.0,27,34
92.0,92.0,27,34
89.0,91.0,27,34
89.0,91.0,27,34
87.0,91.0,27,34
86.0,91.0,27,34
84.0,91.0,27,34
82.0,91.0,27,34
80.0,91.0,27,34
78.0,91.0,27,34
75.0,90.0,27,34
73.0,90.0,27,34
68.0,90.0,27,34
68.0,90.0,27,34
65.0,90.0,27,34
62.0,90.0,27,34
59.0,90.0,27,34
56.0,90.0,27,34
52.0,90.0,27,34
49.0,90.0,27,34
46.0,90.0,27,34
43.0,90.0,27,34
37.0,90.0,27,34
37.0,90.0,27,34
35.0,90.0,27,34
32.0,90.0,27,34
30.0,90.0,27,34
28.0,90.0,27,34
26.0,90.0,27,34
24.0,90.0,27,34
22.0,90.0,27,34
20.0,90.0,27,34
17.0,91.0,27,34
17.0,91.0,27,34
15.0,91.0,27,34
14.0,91.0,27,34
12.0,91.0,27,34
11.0,90.0,27,34
10.0,90.0,27,34
9.0,90.0,27,34
8.0,90.0,27,34
7.0,90.0,27,34
6.0,90.0,27,34
6.0,90.0,27,34
6.0,90.0,27,34
5.0,90.0,27,34
5.0,90.0,27,34
5.0,90.0,27,34
5.0,90.0,27,34
5.0,90.0,27,34
5.0,90.0,27,34
5.0,90.0,27,34
5.0,89.0,27,34
5.0,89.0,27,34
5.0,89.0,27,34
6.0,89.0,27,34
6.0,89.0,27,34
6.0,89.0,27,34
7.0,89.0,27,34
7.0,89.0,27,34
8.0,90.0,27,34
9.0,90.0,27,34
12.0,90.0,27,34
12.0,90.0,27,34
14.0,91.0,27,34
16.0,91.0,27,34
19.0,92.0,27,34
21.0,93.0,27,34
24.0,94.0,27,34
28.0,96.0,27,34
31.0,98.0,27,34
35.0,100.0,27,34
42.0,105.0,27,34
42.0,106.0,27,34
45.0,108.0,27,34
49.0,111.0,27,34
52.0,113.0,27,34
55.0,116.0,27,34
58.0,119.0,27,34
61.0,121.0,27,34
63.0,123.0,27,34
66.0,125.0,27,34
70.0,129.0,27,34
70.0,130.0,27,34
72.0,131.0,27,34
74.0,133.0,27,34
76.0,134.0,27,34
78.0,135.0,27,34
80.0,136.0,27,34
82.0,137.0,27,34
83.0,139.0,27,34
85.0,139.0,27,34
88.0,141.0,27,34
88.0,141.0,27,34
89.0,141.0,27,34
91.0,142.0,27,34
92.0,142.0,27,34
94.0,143.0,27,34
95.0,143.0,27,34
97.0,144.0,27,34
98.0,145.0,27,34
100.0,145.0,27,34
102.0,146.0,27,34
102.0,146.0,27,34
103.0,147.0,27,34
104.0,147.0,27,34
105.0,146.0,27,34
106.0,145.0,27,34
106.0,144.0,27,34
107.0,143.0,27,34
107.0,142.0,27,34
107.0,141.0,27,34
108.0,139.0,27,34
108.0,139.0,27,34
109.0,138.0,27,34
110.0,137.0,27,34
110.0,137.0,27,34
111.0,136.0,27,34
111.0,136.0,27,34
112.0,135.0,27,34
113.0,135.0,27,34
114.0,134.0,27,34
116.0,134.0,27,34
116.0,134.0,27,34
117.0,134.0,27,34
118.0,134.0,27,34
119.0,134.0,27,34
120.0,134.0,27,34
120.0,133.0,27,34
121.0,133.0,27,34
122.0,133.0,27,34
122.0,133.0,27,34
123.0,134.0,27,34
123.0,134.0,27,34
124.0,134.0,27,34
125.0,134.0,27,34
126.0,134.0,27,34
127.0,134.0,27,34
128.0,134.0,27,34
130.0,134.0,27,34
131.0,134.0,27,34
133.0,134.0,27,34
138.0,134.0,27,34
138.0,134.0,27,34
141.0,133.0,27,34
144.0,133.0,27,34
148.0,133.0,27,34
151.0,132.0,27,34
155.0,131.0,27,34
159.0,131.0,27,34
163.0,130.0,27,34
166.0,129.0,27,34
172.0,126.0,27,34
173.0,126.0,27,34
176.0,125.0,27,34
178.0,124.0,27,34
181.0,123.0,27,34
183.0,123.0,27,34
185.0,122.0,27,34
187.0,122.0,27,34
188.0,122.0,27,34
189.0,122.0,27,34
190.0,121.0,27,34
190.0,121.0,27,34
191.0,121.0,27,34
191.0,121.0,27,34
191.0,121.0,27,34
191.0,121.0,27,34
190.0,121.0,27,34
190.0,121.0,27,34
189.0,121.0,27,34
189.0,121.0,27,34
187.0,122.0,27,34
187.0,122.0,27,34
187.0,122.0,27,34
186.0,123.0,27,34
185.0,123.0,27,34
185.0,123.0,27,34
185.0,123.0,27,34
185.0,123.0,27,34
185.0,123.0,27,34
186.0,122.0,27,34
188.0,121.0,27,34
188.0,121.0,27,34
189.0,121.0,27,34
191.0,120.0,27,34
192.0,120.0,27,34
194.0,119.0,27,34
197.0,118.0,27,34
199.0,118.0,27,34
202.0,117.0,27,34
205.0,117.0,27,34
210.0,116.0,27,34
210.0,116.0,27,34
213.0,115.0,27,34
216.0,115.0,27,34
219.0,115.0,27,34
222.0,115.0,27,34
225.0,115.0,27,34
228.0,115.0,27,34
230.0,115.0,27,34
232.0,115.0,27,34
236.0,114.0,27,34
237.0,114.0,27,34
239.0,114.0,27,34
241.0,114.0,27,34
242.0,113.0,27,34
244.0,112.0,27,34
245.0,111.0,27,34
247.0,110.0,27,34
248.0,109.0,27,34
250.0,109.0,27,34
252.0,107.0,27,34
252.0,107.0,27,34
253.0,106.0,27,34
253.0,105.0,27,34
254.0,104.0,27,34
254.0,103.0,27,34
254.0,102.0,27,34
254.0,101.0,27,34
254.0,101.0,27,34
254.0,101.0,27,34
253.0,101.0,27,34
253.0,101.0,27,34
252.0,101.0,27,34
251.0,101.0,27,34
249.0,101.0,27,34
248.0,101.0,27,34
246.0,101.0,27,34
245.0,101.0,27,34
243.0,101.0,27,34
242.0,101.0,27,34
238.0,102.0,27,34
238.0,102.0,27,34
237.0,102.0,27,34
235.0,103.0,27,34
234.0,103.0,27,34
232.0,103.0,27,34
230.0,104.0,27,34
229.0,104.0,27,34
227.0,104.0,27,34
225.0,105.0,27,34
222.0,105.0,27,34
222.0,105.0,27,34
220.0,105.0,27,34
218.0,105.0,27,34
217.0,105.0,27,34
215.0,105.0,27,34
213.0,105.0,27,34
212.0,105.0,27,34
210.0,105.0,27,34
209.0,105.0,27,34
206.0,105.0,27,34
206.0,105.0,27,34
206.0,105.0,27,34
205.0,105.0,27,34
204.0,105.0,27,34
204.0,105.0,27,34
203.0,105.0,27,34
203.0,105.0,27,34
203.0,105.0,27,34
203.0,105.0,27,34
203.0,104.0,27,34
203.0,104.0,27,34
203.0,104.0,27,34
203.0,104.0,27,34
204.0,104.0,27,34
204.0,104.0,27,34
204.0,104.0,27,34
205.0,103.0,27,34
206.0,103.0,27,34
206.0,103.0,27,34
207.0,103.0,27,34
207.0,103.0,27,34
208.0,102.0,27,34
209.0,102.0,27,34
210.0,102.0,27,34
210.0,102.0,27,34
211.0,102.0,27,34