139,112,51,36
138.0,114.0,51,36
138.0,116.0,51,36
138.0,117.0,51,36
138.0,119.0,51,36
138.0,120.0,51,36
138.0,120.0,51,36
138.0,120.0,51,36
138.0,120.0,51,36
138.0,120.0,51,36
138.0,120.0,51,36
138.0,120.0,51,36
136.0,120.0,51,36
136.0,120.0,51,36
136.0,120.0,51,36
135.0,119.0,51,36
135.0,119.0,51,36
135.0,118.0,51,36
135.0,118.0,51,36
135.0,117.0,51,36
135.0,116.0,51,36
135.0,116.0,51,36
135.0,115.0,51,36
135.0,115.0,51,36
136.0,114.0,51,36
136.0,113.0,51,36
136.0,113.0,51,36
136.0,112.0,51,36
137.0,112.0,51,36
137.0,111.0,51,36
138.0,110.0,51,36
139.0,110.0,51,36
140.0,109.0,51,36
140.0,109.0,51,36
141.0,109.0,51,36
141.0,109.0,51,36
143.0,109.0,51,36
145.0,108.0,51,36
147.0,107.0,51,36
149.0,107.0,51,36
152.0,107.0,51,36
155.0,107.0,51,36
158.0,107.0,51,36
161.0,108.0,51,36
163.0,109.0,51,36
166.0,110.0,51,36
168.0,111.0,51,36
169.0,112.0,51,36
170.0,111.0,51,36
173.0,110.0,51,36
175.0,108.0,51,36
177.0,106.0,51,36
179.0,105.0,51,36
181.0,103.0,51,36
183.0,102.0,51,36
183.0,101.0,51,36
184.0,100.0,51,36
185.0,99.0,51,36
186.0,99.0,51,36
187.0,99.0,51,36
187.0,99.0,51,36
188.0,100.0,51,36
189.0,101.0,51,36
189.0,101.0,51,36
190.0,102.0,51,36
189.0,102.0,51,36
189.0,103.0,51,36
189.0,103.0,51,36
189.0,103.0,51,36
189.0,103.0,51,36
189.0,103.0,51,36
189.0,103.0,51,36
188.0,103.0,51,36
188.0,103.0,51,36
187.0,103.0,51,36
186.0,103.0,51,36
185.0,103.0,51,36
184.0,103.0,51,36
183.0,103.0,51,36
182.0,103.0,51,36
181.0,102.0,51,36
180.0,102.0,51,36
179.0,101.0,51,36
178.0,101.0,51,36
177.0,101.0,51,36
175.0,101.0,51,36
174.0,101.0,51,36
173.0,100.0,51,36
173.0,99.0,51,36
172.0,99.0,51,36
172.0,99.0,51,36
171.0,100.0,51,36
171.0,100.0,51,36
171.0,101.0,51,36
170.0,101.0,51,36
169.0,102.0,51,36
168.0,103.0,51,36
168.0,104.0,51,36
168.0,104.0,51,36
168.0,104.0,51,36
167.0,104.0,51,36
167.0,104.0,51,36
167.0,103.0,51,36
167.0,103.0,51,36
166.0,102.0,51,36
165.0,102.0,51,36
165.0,103.0,51,36
164.0,103.0,51,36
164.0,103.0,51,36
164.0,103.0,51,36
163.0,103.0,51,36
163.0,104.0,51,36
163.0,104.0,51,36
162.0,105.0,51,36
162.0,104.0,51,36
161.0,103.0,51,36
161.0,103.0,51,36
161.0,102.0,51,36
161.0,101.0,51,36
162.0,101.0,51,36
162.0,100.0,51,36
162.0,99.0,51,36
162.0,98.0,51,36
162.0,96.0,51,36
162.0,94.0,51,36
162.0,93.0,51,36
162.0,92.0,51,36
162.0,90.0,51,36
162.0,89.0,51,36
162.0,88.0,51,36
162.0,87.0,51,36
163.0,86.0,51,36
163.0,85.0,51,36
164.0,84.0,51,36
164.0,83.0,51,36
164.0,83.0,51,36
164.0,82.0,51,36
165.0,82.0,51,36
165.0,81.0,51,36
165.0,80.0,51,36
165.0,80.0,51,36
166.0,79.0,51,36
166.0,79.0,51,36
166.0,78.0,51,36
166.0,78.0,51,36
166.0,77.0,51,36
166.0,77.0,51,36
166.0,77.0,51,36
166.0,77.0,51,36
166.0,77.0,51,36
166.0,76.0,51,36
165.0,76.0,51,36
165.0,76.0,51,36
165.0,75.0,51,36
165.0,74.0,51,36
166.0,74.0,51,36
166.0,73.0,51,36
166.0,73.0,51,36
167.0,73.0,51,36
167.0,73.0,51,36
167.0,73.0,51,36
167.0,73.0,51,36
167.0,73.0,51,36
167.0,73.0,51,36
168.0,73.0,51,36
168.0,72.0,51,36
168.0,72.0,51,36
168.0,72.0,51,36
168.0,72.0,51,36
168.0,72.0,51,36
168.0,72.0,51,36
167.0,75.0,51,36
168.0,76.0,51,36
168.0,76.0,51,36
168.0,76.0,51,36
168.0,76.0,51,36
167.0,79.0,51,36
167.0,80.0,51,36
167.0,80.0,51,36
167.0,81.0,51,36
167.0,81.0,51,36
168.0,82.0,51,36
168.0,83.0,51,36
168.0,84.0,51,36
168.0,85.0,51,36
168.0,87.0,51,36
168.0,88.0,51,36
169.0,89.0,51,36
169.0,91.0,51,36
169.0,92.0,51,36
169.0,93.0,51,36
169.0,95.0,51,36
169.0,96.0,51,36
169.0,98.0,51,36
170.0,99.0,51,36
170.0,100.0,51,36
170.0,100.0,51,36
170.0,101.0,51,36
170.0,102.0,51,36
170.0,103.0,51,36
170.0,104.0,51,36
170.0,105.0,51,36
170.0,106.0,51,36
170.0,107.0,51,36
170.0,109.0,51,36
171.0,110.0,51,36
171.0,111.0,51,36
171.0,112.0,51,36
171.0,113.0,51,36
171.0,114.0,51,36
171.0,115.0,51,36
171.0,116.0,51,36
171.0,118.0,51,36
171.0,119.0,51,36
171.0,120.0,51,36
171.0,122.0,51,36
171.0,123.0,51,36
171.0,125.0,51,36
171.0,127.0,51,36
171.0,129.0,51,36
171.0,130.0,51,36
171.0,132.0,51,36
171.0,133.0,51,36
171.0,134.0,51,36
171.0,134.0,51,36
171.0,135.0,51,36
171.0,136.0,51,36
171.0,136.0,51,36
171.0,137.0,51,36
171.0,137.0,51,36
171.0,138.0,51,36
171.0,138.0,51,36
171.0,138.0,51,36
171.0,139.0,51,36
171.0,139.0,51,36
171.0,139.0,51,36
171.0,139.0,51,36
171.0,138.0,51,36
171.0,138.0,51,36
170.0,136.0,51,36
170.0,135.0,51,36
170.0,134.0,51,36
169.0,131.0,51,36
169.0,129.0,51,36
168.0,126.0,51,36
168.0,124.0,51,36
168.0,122.0,51,36
167.0,119.0,51,36
167.0,118.0,51,36
168.0,117.0,51,36
168.0,115.0,51,36
168.0,114.0,51,36
168.0,113.0,51,36
168.0,113.0,51,36
168.0,112.0,51,36
168.0,112.0,51,36
167.0,111.0,51,36
166.0,110.0,51,36
165.0,110.0,51,36
163.0,109.0,51,36
162.0,109.0,51,36
161.0,108.0,51,36
160.0,106.0,51,36
160.0,105.0,51,36
160.0,104.0,51,36
160.0,102.0,51,36
161.0,101.0,51,36
161.0,100.0,51,36
161.0,99.0,51,36
160.0,97.0,51,36
160.0,96.0,51,36
161.0,96.0,51,36
161.0,95.0,51,36
161.0,95.0,51,36
162.0,95.0,51,36
162.0,95.0,51,36
163.0,95.0,51,36
163.0,95.0,51,36
163.0,95.0,51,36
164.0,95.0,51,36
165.0,95.0,51,36
166.0,95.0,51,36
166.0,95.0,51,36
166.0,95.0,51,36
166.0,95.0,51,36
166.0,95.0,51,36
166.0,95.0,51,36
166.0,95.0,51,36
166.0,95.0,51,36
166.0,95.0,51,36
166.0,95.0,51,36
166.0,95.0,51,36
166.0,95.0,51,36
166.0,95.0,51,36
166.0,95.0,51,36
165.0,96.0,51,36
165.0,96.0,51,36
165.0,96.0,51,36
165.0,96.0,51,36
165.0,97.0,51,36
165.0,97.0,51,36
165.0,97.0,51,36
165.0,97.0,51,36
165.0,97.0,51,36
165.0,97.0,51,36
166.0,97.0,51,36
166.0,96.0,51,36
166.0,96.0,51,36
166.0,96.0,51,36
167.0,96.0,51,36
167.0,95.0,51,36
167.0,95.0,51,36
168.0,95.0,51,36
168.0,95.0,51,36
168.0,95.0,51,36
168.0,95.0,51,36
168.0,95.0,51,36
168.0,95.0,51,36
168.0,95.0,51,36
168.0,95.0,51,36
169.0,95.0,51,36
169.0,95.0,51,36
170.0,95.0,51,36
170.0,95.0,51,36
171.0,94.0,51,36
172.0,94.0,51,36
173.0,94.0,51,36
173.0,94.0,51,36
174.0,93.0,51,36
174.0,93.0,51,36
174.0,93.0,51,36
175.0,93.0,51,36
175.0,94.0,51,36
176.0,94.0,51,36
176.0,94.0,51,36
177.0,94.0,51,36
177.0,94.0,51,36
178.0,94.0,51,36
178.0,94.0,51,36
179.0,94.0,51,36
179.0,94.0,51,36
179.0,94.0,51,36
180.0,94.0,51,36
180.0,94.0,51,36
180.0,94.0,51,36
180.0,94.0,51,36
179.0,95.0,51,36
179.0,95.0,51,36
179.0,95.0,51,36
179.0,95.0,51,36
179.0,96.0,51,36
179.0,96.0,51,36
179.0,96.0,51,36
179.0,97.0,51,36
179.0,97.0,51,36
179.0,97.0,51,36
180.0,97.0,51,36
180.0,97.0,51,36
180.0,97.0,51,36
181.0,97.0,51,36
182.0,97.0,51,36
182.0,96.0,51,36
182.0,96.0,51,36
183.0,96.0,51,36
183.0,96.0,51,36
183.0,96.0,51,36
184.0,96.0,51,36
184.0,96.0,51,36
185.0,96.0,51,36
185.0,96.0,51,36
186.0,96.0,51,36
186.0,96.0,51,36
187.0,95.0,51,36
187.0,95.0,51,36
187.0,95.0,51,36
188.0,95.0,51,36
188.0,95.0,51,36
189.0,96.0,51,36
189.0,96.0,51,36
189.0,96.0,51,36
190.0,96.0,51,36
190.0,96.0,51,36
190.0,96.0,51,36
190.0,97.0,51,36
191.0,97.0,51,36
191.0,97.0,51,36
191.0,97.0,51,36
192.0,97.0,51,36
192.0,98.0,51,36
192.0,98.0,51,36
192.0,98.0,51,36
193.0,98.0,51,36
193.0,98.0,51,36
193.0,98.0,51,36
193.0,98.0,51,36
194.0,98.0,51,36
194.0,98.0,51,36
194.0,98.0,51,36
194.0,98.0,51,36
194.0,98.0,51,36
194.0,98.0,51,36
194.0,98.0,51,36
194.0,98.0,51,36
194.0,99.0,51,36
195.0,99.0,51,36
195.0,99.0,51,36
195.0,99.0,51,36
195.0,99.0,51,36
195.0,99.0,51,36
194.0,99.0,51,36
194.0,99.0,51,36
194.0,99.0,51,36
195.0,99.0,51,36
195.0,99.0,51,36
195.0,99.0,51,36
195.0,99.0,51,36
195.0,99.0,51,36
195.0,99.0,51,36
195.0,99.0,51,36
195.0,99.0,51,36
195.0,99.0,51,36
195.0,99.0,51,36
195.0,99.0,51,36
195.0,98.0,51,36
195.0,98.0,51,36
195.0,98.0,51,36
195.0,98.0,51,36
196.0,98.0,51,36
196.0,98.0,51,36
196.0,98.0,51,36
196.0,98.0,51,36
196.0,98.0,51,36
197.0,99.0,51,36
198.0,99.0,51,36
198.0,99.0,51,36
198.0,99.0,51,36
198.0,99.0,51,36
198.0,99.0,51,36
197.0,99.0,51,36
196.0,98.0,51,36
195.0,98.0,51,36
194.0,98.0,51,36
193.0,97.0,51,36
192.0,97.0,51,36
191.0,97.0,51,36
190.0,97.0,51,36
189.0,97.0,51,36
188.0,97.0,51,36
188.0,97.0,51,36
187.0,97.0,51,36
187.0,97.0,51,36
186.0,98.0,51,36
185.0,98.0,51,36
185.0,98.0,51,36
184.0,98.0,51,36
184.0,98.0,51,36
183.0,98.0,51,36
183.0,98.0,51,36
183.0,98.0,51,36
183.0,98.0,51,36
183.0,98.0,51,36
182.0,98.0,51,36
182.0,98.0,51,36
182.0,98.0,51,36
182.0,98.0,51,36
183.0,98.0,51,36
183.0,98.0,51,36
183.0,98.0,51,36
184.0,98.0,51,36
184.0,99.0,51,36
185.0,99.0,51,36
185.0,99.0,51,36
186.0,99.0,51,36
187.0,99.0,51,36
188.0,99.0,51,36
189.0,99.0,51,36
189.0,100.0,51,36
190.0,100.0,51,36
190.0,100.0,51,36
191.0,100.0,51,36
192.0,100.0,51,36
193.0,100.0,51,36
194.0,100.0,51,36
195.0,100.0,51,36
196.0,100.0,51,36
197.0,100.0,51,36
198.0,100.0,51,36
199.0,100.0,51,36
200.0,100.0,51,36
202.0,100.0,51,36
203.0,100.0,51,36
204.0,99.0,51,36
205.0,99.0,51,36
207.0,99.0,51,36
208.0,99.0,51,36
209.0,99.0,51,36
209.0,99.0,51,36
210.0,99.0,51,36
210.0,99.0,51,36
210.0,99.0,51,36
210.0,99.0,51,36
209.0,99.0,51,36
208.0,99.0,51,36
206.0,99.0,51,36
205.0,99.0,51,36
203.0,99.0,51,36
201.0,99.0,51,36
200.0,99.0,51,36
198.0,98.0,51,36
196.0,98.0,51,36
195.0,98.0,51,36
193.0,97.0,51,36
192.0,97.0,51,36
191.0,97.0,51,36
190.0,97.0,51,36
189.0,96.0,51,36
189.0,96.0,51,36
188.0,95.0,51,36
188.0,95.0,51,36
188.0,95.0,51,36
188.0,95.0,51,36
188.0,95.0,51,36
188.0,95.0,51,36
187.0,95.0,51,36
187.0,95.0,51,36
186.0,95.0,51,36
186.0,94.0,51,36
185.0,93.0,51,36
185.0,92.0,51,36
184.0,91.0,51,36
184.0,89.0,51,36
184.0,88.0,51,36
184.0,87.0,51,36
183.0,86.0,51,36
183.0,86.0,51,36
183.0,86.0,51,36
183.0,85.0,51,36
183.0,85.0,51,36
183.0,85.0,51,36
183.0,85.0,51,36
184.0,84.0,51,36
184.0,84.0,51,36
184.0,83.0,51,36
184.0,83.0,51,36
184.0,82.0,51,36
184.0,82.0,51,36
184.0,81.0,51,36
184.0,81.0,51,36
184.0,81.0,51,36
184.0,82.0,51,36
184.0,82.0,51,36
184.0,83.0,51,36
184.0,84.0,51,36
184.0,86.0,51,36
184.0,87.0,51,36
184.0,88.0,51,36
184.0,90.0,51,36
184.0,91.0,51,36
184.0,92.0,51,36
184.0,94.0,51,36
183.0,96.0,51,36
183.0,98.0,51,36
183.0,99.0,51,36
183.0,101.0,51,36
182.0,103.0,51,36
182.0,105.0,51,36
182.0,106.0,51,36
181.0,108.0,51,36
181.0,110.0,51,36
180.0,112.0,51,36
180.0,114.0,51,36
179.0,117.0,51,36
178.0,120.0,51,36
178.0,123.0,51,36
177.0,125.0,51,36
177.0,127.0,51,36
176.0,130.0,51,36
175.0,132.0,51,36
174.0,133.0,51,36
173.0,134.0,51,36
172.0,135.0,51,36
171.0,135.0,51,36
170.0,134.0,51,36
170.0,133.0,51,36
169.0,132.0,51,36
168.0,131.0,51,36
167.0,130.0,51,36
166.0,130.0,51,36
166.0,129.0,51,36
165.0,128.0,51,36
165.0,127.0,51,36
165.0,126.0,51,36
165.0,125.0,51,36
165.0,124.0,51,36
165.0,125.0,51,36
165.0,126.0,51,36
165.0,127.0,51,36
165.0,126.0,51,36
164.0,123.0,51,36
163.0,120.0,51,36
161.0,118.0,51,36
158.0,116.0,51,36
156.0,116.0,51,36
155.0,117.0,51,36
155.0,119.0,51,36
156.0,120.0,51,36
157.0,121.0,51,36
158.0,122.0,51,36
159.0,123.0,51,36
159.0,124.0,51,36
159.0,123.0,51,36
159.0,122.0,51,36
159.0,120.0,51,36
158.0,117.0,51,36
158.0,115.0,51,36
157.0,113.0,51,36
157.0,112.0,51,36
156.0,111.0,51,36
155.0,110.0,51,36
155.0,109.0,51,36
153.0,109.0,51,36
152.0,109.0,51,36
152.0,110.0,51,36
151.0,110.0,51,36
150.0,109.0,51,36
149.0,107.0,51,36
149.0,106.0,51,36
148.0,104.0,51,36
148.0,103.0,51,36
149.0,102.0,51,36
149.0,102.0,51,36
150.0,102.0,51,36
150.0,103.0,51,36
150.0,104.0,51,36
149.0,105.0,51,36
148.0,104.0,51,36
148.0,104.0,51,36
147.0,103.0,51,36
146.0,101.0,51,36
145.0,100.0,51,36
144.0,98.0,51,36
144.0,97.0,51,36
145.0,97.0,51,36
146.0,98.0,51,36
146.0,100.0,51,36
146.0,103.0,51,36
145.0,105.0,51,36
144.0,106.0,51,36
144.0,106.0,51,36
144.0,105.0,51,36
144.0,105.0,51,36
142.0,106.0,51,36
142.0,105.0,51,36
142.0,103.0,51,36
141.0,102.0,51,36
142.0,102.0,51,36
143.0,103.0,51,36
145.0,104.0,51,36
146.0,104.0,51,36
149.0,105.0,51,36
151.0,106.0,51,36
151.0,107.0,51,36
151.0,107.0,51,36
150.0,107.0,51,36
149.0,107.0,51,36
148.0,105.0,51,36
146.0,105.0,51,36
144.0,105.0,51,36
141.0,106.0,51,36
139.0,108.0,51,36
137.0,111.0,51,36
136.0,113.0,51,36
137.0,114.0,51,36
138.0,114.0,51,36
138.0,114.0,51,36
138.0,114.0,51,36
136.0,114.0,51,36
136.0,114.0,51,36
138.0,112.0,51,36
140.0,111.0,51,36
141.0,111.0,51,36
143.0,111.0,51,36
145.0,111.0,51,36
147.0,111.0,51,36
150.0,110.0,51,36
152.0,110.0,51,36
153.0,110.0,51,36
152.0,110.0,51,36
149.0,109.0,51,36
146.0,109.0,51,36
142.0,110.0,51,36
139.0,112.0,51,36
138.0,115.0,51,36
138.0,117.0,51,36
139.0,118.0,51,36
138.0,119.0,51,36
137.0,120.0,51,36
136.0,120.0,51,36
134.0,121.0,51,36
132.0,122.0,51,36
131.0,122.0,51,36
132.0,122.0,51,36
133.0,121.0,51,36
134.0,120.0,51,36
134.0,118.0,51,36
133.0,117.0,51,36
131.0,115.0,51,36
129.0,113.0,51,36
126.0,111.0,51,36
122.0,109.0,51,36
117.0,107.0,51,36
111.0,105.0,51,36
106.0,104.0,51,36
103.0,103.0,51,36
101.0,102.0,51,36
101.0,101.0,51,36
102.0,101.0,51,36
102.0,100.0,51,36
102.0,100.0,51,36
101.0,100.0,51,36
100.0,100.0,51,36
99.0,100.0,51,36
100.0,100.0,51,36
102.0,100.0,51,36
102.0,100.0,51,36
102.0,100.0,51,36
102.0,101.0,51,36
102.0,101.0,51,36
102.0,101.0,51,36
99.0,101.0,51,36
96.0,100.0,51,36
92.0,100.0,51,36
87.0,100.0,51,36
82.0,99.0,51,36
78.0,98.0,51,36
77.0,98.0,51,36
78.0,99.0,51,36
83.0,101.0,51,36
91.0,103.0,51,36
101.0,106.0,51,36
109.0,108.0,51,36
112.0,110.0,51,36
111.0,111.0,51,36
108.0,110.0,51,36
104.0,110.0,51,36
102.0,108.0,51,36
101.0,107.0,51,36
101.0,107.0,51,36
103.0,108.0,51,36
105.0,109.0,51,36
109.0,110.0,51,36
112.0,111.0,51,36
114.0,111.0,51,36
118.0,111.0,51,36
121.0,111.0,51,36
126.0,112.0,51,36
131.0,113.0,51,36
137.0,114.0,51,36
140.0,114.0,51,36
142.0,114.0,51,36
142.0,113.0,51,36
141.0,113.0,51,36
141.0,113.0,51,36
144.0,112.0,51,36
149.0,111.0,51,36
157.0,110.0,51,36
165.0,110.0,51,36
172.0,111.0,51,36
177.0,112.0,51,36
181.0,113.0,51,36
185.0,114.0,51,36
189.0,115.0,51,36
194.0,116.0,51,36
198.0,117.0,51,36
203.0,118.0,51,36
207.0,119.0,51,36
211.0,120.0,51,36
215.0,119.0,51,36
219.0,119.0,51,36
223.0,119.0,51,36
227.0,118.0,51,36
231.0,118.0,51,36
234.0,117.0,51,36
237.0,117.0,51,36
239.0,117.0,51,36
240.0,118.0,51,36
241.0,118.0,51,36
242.0,118.0,51,36
242.0,117.0,51,36
242.0,117.0,51,36
242.0,117.0,51,36
242.0,117.0,51,36
243.0,117.0,51,36
243.0,117.0,51,36
242.0,118.0,51,36
240.0,118.0,51,36
236.0,118.0,51,36
231.0,117.0,51,36
226.0,116.0,51,36
222.0,114.0,51,36
220.0,113.0,51,36
220.0,113.0,51,36
221.0,114.0,51,36
221.0,116.0,51,36
219.0,118.0,51,36
215.0,118.0,51,36
210.0,117.0,51,36
204.0,116.0,51,36
198.0,115.0,51,36
191.0,114.0,51,36
186.0,113.0,51,36
182.0,112.0,51,36
178.0,112.0,51,36
174.0,112.0,51,36
170.0,112.0,51,36
166.0,111.0,51,36
162.0,111.0,51,36
158.0,111.0,51,36
155.0,111.0,51,36
152.0,111.0,51,36
149.0,111.0,51,36
146.0,111.0,51,36
143.0,111.0,51,36
140.0,112.0,51,36
138.0,113.0,51,36
137.0,113.0,51,36
135.0,115.0,51,36
133.0,116.0,51,36
131.0,117.0,51,36
129.0,118.0,51,36
128.0,118.0,51,36
126.0,117.0,51,36
124.0,116.0,51,36
122.0,115.0,51,36
119.0,116.0,51,36
118.0,116.0,51,36
117.0,116.0,51,36
117.0,115.0,51,36
117.0,113.0,51,36
118.0,112.0,51,36
119.0,112.0,51,36
120.0,113.0,51,36
120.0,115.0,51,36
120.0,120.0,51,36
120.0,124.0,51,36
120.0,127.0,51,36
119.0,129.0,51,36
118.0,130.0,51,36
117.0,129.0,51,36
116.0,125.0,51,36
116.0,119.0,51,36
117.0,112.0,51,36
118.0,106.0,51,36
118.0,101.0,51,36
119.0,97.0,51,36
121.0,95.0,51,36
123.0,95.0,51,36
127.0,97.0,51,36
129.0,101.0,51,36
130.0,107.0,51,36
130.0,114.0,51,36
128.0,121.0,51,36
127.0,125.0,51,36
127.0,126.0,51,36
126.0,126.0,51,36
126.0,124.0,51,36
125.0,121.0,51,36
124.0,118.0,51,36
123.0,115.0,51,36
123.0,110.0,51,36
124.0,104.0,51,36
124.0,100.0,51,36
124.0,96.0,51,36
125.0,94.0,51,36
127.0,95.0,51,36
129.0,99.0,51,36
132.0,105.0,51,36
135.0,111.0,51,36
138.0,115.0,51,36
139.0,116.0,51,36
141.0,115.0,51,36
141.0,112.0,51,36
141.0,108.0,51,36
142.0,104.0,51,36
142.0,101.0,51,36
141.0,98.0,51,36
140.0,97.0,51,36
139.0,95.0,51,36
138.0,94.0,51,36
138.0,93.0,51,36
137.0,91.0,51,36
137.0,87.0,51,36
137.0,85.0,51,36
137.0,84.0,51,36
138.0,86.0,51,36
140.0,88.0,51,36
141.0,92.0,51,36
142.0,99.0,51,36
143.0,107.0,51,36
144.0,112.0,51,36
144.0,116.0,51,36
143.0,117.0,51,36
142.0,116.0,51,36
142.0,113.0,51,36
142.0,110.0,51,36
142.0,106.0,51,36
142.0,102.0,51,36
142.0,99.0,51,36
143.0,95.0,51,36
144.0,90.0,51,36
145.0,88.0,51,36
146.0,89.0,51,36
146.0,93.0,51,36
146.0,100.0,51,36
145.0,110.0,51,36
144.0,123.0,51,36
143.0,134.0,51,36
143.0,142.0,51,36
142.0,142.0,51,36
141.0,138.0,51,36
139.0,131.0,51,36
137.0,123.0,51,36
136.0,114.0,51,36
137.0,105.0,51,36
137.0,97.0,51,36
138.0,92.0,51,36
138.0,90.0,51,36
138.0,91.0,51,36
137.0,95.0,51,36
135.0,104.0,51,36
132.0,115.0,51,36
130.0,127.0,51,36
129.0,138.0,51,36
127.0,146.0,51,36
126.0,147.0,51,36
124.0,141.0,51,36
122.0,131.0,51,36
121.0,120.0,51,36
120.0,108.0,51,36
119.0,99.0,51,36
118.0,92.0,51,36
116.0,91.0,51,36
114.0,94.0,51,36
113.0,102.0,51,36
112.0,114.0,51,36
111.0,128.0,51,36
112.0,138.0,51,36
111.0,142.0,51,36
110.0,140.0,51,36
109.0,132.0,51,36
109.0,120.0,51,36
110.0,106.0,51,36
111.0,94.0,51,36
112.0,84.0,51,36
112.0,77.0,51,36
111.0,73.0,51,36
110.0,72.0,51,36
109.0,74.0,51,36
108.0,80.0,51,36
106.0,91.0,51,36
105.0,103.0,51,36
103.0,117.0,51,36
101.0,130.0,51,36
101.0,138.0,51,36
100.0,140.0,51,36
98.0,135.0,51,36
97.0,127.0,51,36
97.0,115.0,51,36
98.0,103.0,51,36
99.0,91.0,51,36
100.0,82.0,51,36
100.0,76.0,51,36
100.0,74.0,51,36
100.0,76.0,51,36
100.0,84.0,51,36
99.0,97.0,51,36
99.0,113.0,51,36
98.0,129.0,51,36
96.0,144.0,51,36
95.0,154.0,51,36
93.0,157.0,51,36
92.0,152.0,51,36
92.0,142.0,51,36
93.0,129.0,51,36
95.0,114.0,51,36
98.0,101.0,51,36
101.0,91.0,51,36
103.0,85.0,51,36
104.0,83.0,51,36
104.0,87.0,51,36
104.0,96.0,51,36
105.0,109.0,51,36
105.0,125.0,51,36
105.0,140.0,51,36
104.0,152.0,51,36
103.0,157.0,51,36
102.0,153.0,51,36
103.0,143.0,51,36
104.0,129.0,51,36
106.0,113.0,51,36
108.0,97.0,51,36
110.0,84.0,51,36
111.0,75.0,51,36
111.0,71.0,51,36
110.0,73.0,51,36
109.0,80.0,51,36
108.0,93.0,51,36
107.0,108.0,51,36
105.0,124.0,51,36
104.0,134.0,51,36
102.0,138.0,51,36
100.0,134.0,51,36
99.0,124.0,51,36
100.0,111.0,51,36
101.0,95.0,51,36
103.0,81.0,51,36
105.0,69.0,51,36
107.0,62.0,51,36
108.0,59.0,51,36
107.0,60.0,51,36
106.0,67.0,51,36
105.0,78.0,51,36
105.0,93.0,51,36
105.0,112.0,51,36
105.0,129.0,51,36
105.0,143.0,51,36
106.0,150.0,51,36
106.0,149.0,51,36
107.0,140.0,51,36
108.0,127.0,51,36
109.0,113.0,51,36
110.0,101.0,51,36
110.0,91.0,51,36
110.0,86.0,51,36
110.0,85.0,51,36
112.0,90.0,51,36
112.0,101.0,51,36
113.0,116.0,51,36
112.0,131.0,51,36
111.0,140.0,51,36
110.0,142.0,51,36
110.0,136.0,51,36
110.0,127.0,51,36
111.0,116.0,51,36
112.0,106.0,51,36
113.0,97.0,51,36
113.0,91.0,51,36
114.0,91.0,51,36
114.0,97.0,51,36
113.0,110.0,51,36
111.0,129.0,51,36
110.0,145.0,51,36
109.0,152.0,51,36
108.0,148.0,51,36
109.0,138.0,51,36
110.0,126.0,51,36
113.0,113.0,51,36
117.0,99.0,51,36
121.0,86.0,51,36
125.0,76.0,51,36
127.0,71.0,51,36
129.0,71.0,51,36
131.0,77.0,51,36
132.0,87.0,51,36
133.0,98.0,51,36
133.0,107.0,51,36
135.0,112.0,51,36
137.0,113.0,51,36
139.0,107.0,51,36
141.0,97.0,51,36
144.0,86.0,51,36
146.0,75.0,51,36
149.0,66.0,51,36
152.0,62.0,51,36
155.0,63.0,51,36
157.0,69.0,51,36
158.0,79.0,51,36
158.0,94.0,51,36
158.0,110.0,51,36
158.0,125.0,51,36
157.0,135.0,51,36
157.0,137.0,51,36
158.0,131.0,51,36
160.0,119.0,51,36
163.0,105.0,51,36
166.0,91.0,51,36
169.0,78.0,51,36
172.0,68.0,51,36
174.0,62.0,51,36
175.0,60.0,51,36
176.0,62.0,51,36
176.0,70.0,51,36
177.0,82.0,51,36
179.0,97.0,51,36
181.0,114.0,51,36
183.0,128.0,51,36
182.0,137.0,51,36
182.0,137.0,51,36
182.0,130.0,51,36
182.0,117.0,51,36
183.0,102.0,51,36
184.0,87.0,51,36
186.0,74.0,51,36
188.0,64.0,51,36
189.0,58.0,51,36
190.0,56.0,51,36
190.0,58.0,51,36
189.0,64.0,51,36
189.0,73.0,51,36
189.0,86.0,51,36
189.0,101.0,51,36
190.0,115.0,51,36
189.0,125.0,51,36
188.0,130.0,51,36
187.0,128.0,51,36
186.0,121.0,51,36
186.0,112.0,51,36
186.0,101.0,51,36
186.0,90.0,51,36
187.0,81.0,51,36
187.0,74.0,51,36
187.0,69.0,51,36
186.0,68.0,51,36
186.0,70.0,51,36
185.0,75.0,51,36
184.0,82.0,51,36
184.0,92.0,51,36
185.0,102.0,51,36
185.0,111.0,51,36
184.0,116.0,51,36
183.0,116.0,51,36
182.0,112.0,51,36
181.0,105.0,51,36
180.0,96.0,51,36
181.0,88.0,51,36
182.0,81.0,51,36
182.0,78.0,51,36
183.0,77.0,51,36
183.0,81.0,51,36
183.0,89.0,51,36
183.0,99.0,51,36
183.0,110.0,51,36
183.0,120.0,51,36
182.0,127.0,51,36
182.0,128.0,51,36
182.0,124.0,51,36
183.0,118.0,51,36
185.0,110.0,51,36
187.0,103.0,51,36
189.0,97.0,51,36
192.0,92.0,51,36
194.0,89.0,51,36
195.0,88.0,51,36
196.0,90.0,51,36
196.0,94.0,51,36
196.0,101.0,51,36
196.0,108.0,51,36
197.0,114.0,51,36
197.0,119.0,51,36
196.0,119.0,51,36
195.0,115.0,51,36
195.0,109.0,51,36
195.0,102.0,51,36
196.0,96.0,51,36
196.0,91.0,51,36
196.0,89.0,51,36
196.0,89.0,51,36
197.0,91.0,51,36
197.0,95.0,51,36
198.0,101.0,51,36
199.0,107.0,51,36
199.0,111.0,51,36
198.0,112.0,51,36
197.0,110.0,51,36
195.0,106.0,51,36
194.0,101.0,51,36
193.0,98.0,51,36
193.0,96.0,51,36
191.0,96.0,51,36
188.0,97.0,51,36
185.0,98.0,51,36
181.0,99.0,51,36
178.0,101.0,51,36
178.0,103.0,51,36
180.0,106.0,51,36
185.0,108.0,51,36
192.0,110.0,51,36
199.0,111.0,51,36
206.0,112.0,51,36
213.0,112.0,51,36
219.0,113.0,51,36
226.0,114.0,51,36
232.0,116.0,51,36
237.0,118.0,51,36
240.0,119.0,51,36
242.0,120.0,51,36
243.0,121.0,51,36
243.0,121.0,51,36
242.0,121.0,51,36
239.0,121.0,51,36
236.0,121.0,51,36
233.0,120.0,51,36
229.0,120.0,51,36
225.0,118.0,51,36
221.0,117.0,51,36
216.0,116.0,51,36
211.0,115.0,51,36
207.0,114.0,51,36
202.0,113.0,51,36
197.0,112.0,51,36
192.0,111.0,51,36
187.0,109.0,51,36
183.0,107.0,51,36
178.0,105.0,51,36
174.0,104.0,51,36
170.0,103.0,51,36
168.0,101.0,51,36
166.0,100.0,51,36
165.0,100.0,51,36
164.0,99.0,51,36
163.0,99.0,51,36
162.0,99.0,51,36
162.0,99.0,51,36
162.0,100.0,51,36
161.0,100.0,51,36
161.0,100.0,51,36
161.0,100.0,51,36
161.0,101.0,51,36
162.0,101.0,51,36
162.0,102.0,51,36
163.0,102.0,51,36
164.0,103.0,51,36
165.0,104.0,51,36
167.0,105.0,51,36
169.0,106.0,51,36
170.0,107.0,51,36
171.0,108.0,51,36
173.0,110.0,51,36
175.0,113.0,51,36
177.0,115.0,51,36
180.0,116.0,51,36
182.0,118.0,51,36
184.0,119.0,51,36
186.0,122.0,51,36
188.0,123.0,51,36
190.0,125.0,51,36
191.0,126.0,51,36
193.0,127.0,51,36
195.0,129.0,51,36
198.0,130.0,51,36
199.0,131.0,51,36
201.0,132.0,51,36
202.0,133.0,51,36
204.0,133.0,51,36
205.0,133.0,51,36
207.0,132.0,51,36
208.0,131.0,51,36
210.0,130.0,51,36
212.0,129.0,51,36
214.0,128.0,51,36
216.0,128.0,51,36
217.0,127.0,51,36
218.0,127.0,51,36
220.0,128.0,51,36
221.0,128.0,51,36
222.0,129.0,51,36
222.0,130.0,51,36
223.0,130.0,51,36
223.0,131.0,51,36
223.0,132.0,51,36
224.0,133.0,51,36
225.0,133.0,51,36
225.0,132.0,51,36
226.0,131.0,51,36
226.0,131.0,51,36
225.0,130.0,51,36
225.0,130.0,51,36
226.0,129.0,51,36
227.0,127.0,51,36
228.0,125.0,51,36
228.0,123.0,51,36
228.0,122.0,51,36
228.0,121.0,51,36
228.0,121.0,51,36
228.0,121.0,51,36
228.0,121.0,51,36
228.0,122.0,51,36
228.0,122.0,51,36
227.0,122.0,51,36
226.0,123.0,51,36
225.0,123.0,51,36
225.0,123.0,51,36
226.0,124.0,51,36
227.0,124.0,51,36
229.0,124.0,51,36
230.0,124.0,51,36
230.0,124.0,51,36
229.0,124.0,51,36
226.0,124.0,51,36
222.0,124.0,51,36
219.0,124.0,51,36
215.0,124.0,51,36
212.0,123.0,51,36
209.0,123.0,51,36
206.0,123.0,51,36
203.0,123.0,51,36
201.0,123.0,51,36
200.0,123.0,51,36
199.0,123.0,51,36
198.0,123.0,51,36
197.0,123.0,51,36
197.0,123.0,51,36
197.0,123.0,51,36
197.0,123.0,51,36
198.0,123.0,51,36
198.0,123.0,51,36
199.0,123.0,51,36
199.0,123.0,51,36
200.0,123.0,51,36
201.0,123.0,51,36
201.0,122.0,51,36
201.0,122.0,51,36
202.0,122.0,51,36
204.0,123.0,51,36
205.0,124.0,51,36
207.0,126.0,51,36
207.0,129.0,51,36
208.0,132.0,51,36
208.0,134.0,51,36
208.0,136.0,51,36
207.0,138.0,51,36
206.0,139.0,51,36
206.0,140.0,51,36
206.0,140.0,51,36
207.0,140.0,51,36
208.0,140.0,51,36
210.0,140.0,51,36
211.0,140.0,51,36
212.0,140.0,51,36
214.0,140.0,51,36
215.0,141.0,51,36
216.0,140.0,51,36
217.0,140.0,51,36
218.0,140.0,51,36
220.0,141.0,51,36
221.0,143.0,51,36
222.0,146.0,51,36
222.0,151.0,51,36
219.0,160.0,51,36
215.0,173.0,51,36