118,69,114,162
116.0,66.0,114,162
116.0,66.0,114,162
116.0,66.0,114,162
114.0,66.0,114,162
114.0,66.0,114,162
114.0,64.0,114,162
114.0,64.0,114,162
114.0,64.0,114,162
114.0,64.0,114,162
114.0,66.0,114,162
114.0,66.0,114,162
112.0,66.0,114,162
110.0,68.0,114,162
110.0,68.0,114,162
108.0,68.0,114,162
106.0,70.0,114,162
104.0,70.0,114,162
100.0,72.0,114,162
98.0,72.0,114,162
94.0,72.0,114,162
92.0,72.0,114,162
90.0,72.0,114,162
88.0,72.0,114,162
88.0,70.0,114,162
88.0,70.0,114,162
86.0,70.0,114,162
86.0,70.0,114,162
86.0,70.0,114,162
86.0,68.0,114,162
86.0,66.0,114,162
86.0,64.0,114,162
86.0,64.0,114,162
86.0,62.0,114,162
86.0,62.0,114,162
88.0,62.0,114,162
88.0,62.0,114,162
88.0,62.0,114,162
90.0,62.0,114,162
90.0,62.0,114,162
92.0,62.0,114,162
94.0,62.0,114,162
96.0,62.0,114,162
98.0,62.0,114,162
100.0,62.0,114,162
102.0,62.0,114,162
104.0,62.0,114,162
106.0,62.0,114,162
110.0,62.0,114,162
112.0,62.0,114,162
114.0,62.0,114,162
116.0,62.0,114,162
118.0,62.0,114,162
120.0,64.0,114,162
120.0,64.0,114,162
122.0,64.0,114,162
124.0,66.0,114,162
124.0,66.0,114,162
126.0,68.0,114,162
126.0,70.0,114,162
126.0,72.0,114,162
126.0,74.0,114,162
128.0,74.0,114,162
128.0,76.0,114,162
128.0,76.0,114,162
128.0,76.0,114,162
128.0,76.0,114,162
130.0,76.0,114,162
130.0,76.0,114,162
132.0,78.0,114,162
132.0,78.0,114,162
132.0,78.0,114,162
132.0,78.0,114,162
132.0,78.0,114,162
132.0,78.0,114,162
132.0,78.0,114,162
132.0,76.0,114,162
132.0,76.0,114,162
130.0,76.0,114,162
130.0,76.0,114,162
128.0,76.0,114,162
128.0,76.0,114,162
128.0,76.0,114,162
126.0,76.0,114,162
124.0,76.0,114,162
124.0,74.0,114,162
122.0,74.0,114,162
120.0,74.0,114,162
120.0,74.0,114,162
120.0,74.0,114,162
120.0,74.0,114,162
118.0,76.0,114,162
118.0,76.0,114,162
116.0,76.0,114,162
114.0,76.0,114,162
114.0,76.0,114,162
112.0,76.0,114,162
112.0,76.0,114,162
110.0,76.0,114,162
110.0,76.0,114,162
108.0,76.0,114,162
108.0,76.0,114,162
108.0,76.0,114,162
108.0,76.0,114,162
108.0,76.0,114,162
108.0,76.0,114,162
108.0,76.0,114,162
108.0,76.0,114,162
106.0,76.0,114,162
106.0,76.0,114,162
108.0,76.0,114,162
108.0,76.0,114,162
108.0,76.0,114,162
108.0,78.0,114,162
108.0,78.0,114,162
108.0,78.0,114,162
108.0,78.0,114,162
108.0,78.0,114,162
108.0,78.0,114,162
108.0,78.0,114,162
108.0,78.0,114,162
108.0,78.0,114,162
108.0,78.0,114,162
108.0,78.0,114,162
108.0,78.0,114,162
108.0,78.0,114,162
108.0,78.0,114,162
108.0,78.0,114,162
106.0,78.0,114,162
106.0,78.0,114,162
106.0,78.0,114,162
106.0,78.0,114,162
106.0,78.0,114,162
106.0,78.0,114,162
106.0,78.0,114,162
106.0,78.0,114,162
108.0,78.0,114,162
108.0,78.0,114,162
108.0,78.0,114,162
106.0,78.0,114,162
106.0,78.0,114,162
108.0,76.0,114,162
106.0,76.0,114,162
106.0,76.0,114,162
106.0,76.0,114,162
106.0,74.0,114,162
104.0,74.0,114,162
104.0,74.0,114,162
104.0,74.0,114,162
104.0,74.0,114,162
104.0,74.0,114,162
102.0,74.0,114,162
102.0,74.0,114,162
102.0,72.0,114,162
102.0,72.0,114,162
102.0,72.0,114,162
100.0,72.0,114,162
100.0,72.0,114,162
100.0,72.0,114,162
100.0,72.0,114,162
100.0,72.0,114,162
100.0,72.0,114,162
100.0,72.0,114,162
100.0,72.0,114,162
100.0,72.0,114,162
100.0,72.0,114,162
100.0,72.0,114,162
100.0,72.0,114,162
102.0,72.0,114,162
100.0,74.0,114,162
100.0,72.0,114,162
100.0,74.0,114,162
102.0,74.0,114,162
102.0,74.0,114,162
102.0,74.0,114,162
102.0,74.0,114,162
102.0,74.0,114,162
102.0,74.0,114,162
102.0,76.0,114,162
102.0,76.0,114,162
102.0,78.0,114,162
102.0,78.0,114,162
102.0,80.0,114,162
102.0,80.0,114,162
102.0,80.0,114,162
102.0,80.0,114,162
102.0,80.0,114,162
102.0,80.0,114,162
102.0,80.0,114,162
102.0,80.0,114,162
102.0,82.0,114,162
102.0,82.0,114,162
102.0,82.0,114,162
104.0,82.0,114,162
104.0,82.0,114,162
104.0,82.0,114,162
104.0,82.0,114,162
104.0,82.0,114,162
104.0,82.0,114,162
104.0,82.0,114,162
104.0,82.0,114,162
104.0,82.0,114,162
104.0,82.0,114,162
104.0,82.0,114,162
104.0,82.0,114,162
104.0,82.0,114,162
104.0,82.0,114,162
102.0,84.0,114,162
102.0,84.0,114,162
102.0,84.0,114,162
102.0,86.0,114,162
102.0,86.0,114,162
102.0,88.0,114,162
102.0,90.0,114,162
102.0,90.0,114,162
102.0,90.0,114,162
102.0,90.0,114,162
102.0,90.0,114,162
102.0,90.0,114,162
102.0,90.0,114,162
100.0,88.0,114,162
100.0,86.0,114,162
100.0,84.0,114,162
100.0,80.0,114,162
100.0,76.0,114,162
100.0,72.0,114,162
100.0,68.0,114,162
100.0,64.0,114,162
102.0,60.0,114,162
102.0,56.0,114,162
102.0,54.0,114,162
102.0,54.0,114,162
102.0,52.0,114,162
102.0,52.0,114,162
102.0,52.0,114,162
102.0,50.0,114,162
104.0,50.0,114,162
102.0,50.0,114,162
102.0,50.0,114,162
102.0,52.0,114,162
102.0,52.0,114,162
104.0,52.0,114,162
104.0,54.0,114,162
104.0,54.0,114,162
104.0,54.0,114,162
106.0,56.0,114,162
106.0,56.0,114,162
108.0,56.0,114,162
108.0,58.0,114,162
108.0,58.0,114,162
108.0,58.0,114,162
108.0,60.0,114,162
110.0,60.0,114,162
110.0,62.0,114,162
110.0,62.0,114,162
110.0,64.0,114,162
110.0,64.0,114,162
110.0,64.0,114,162
108.0,66.0,114,162
108.0,66.0,114,162
108.0,68.0,114,162
108.0,68.0,114,162
108.0,70.0,114,162
108.0,70.0,114,162
108.0,70.0,114,162
108.0,70.0,114,162
108.0,70.0,114,162
108.0,72.0,114,162
108.0,72.0,114,162
108.0,72.0,114,162
106.0,72.0,114,162
106.0,72.0,114,162
108.0,72.0,114,162
106.0,72.0,114,162
106.0,72.0,114,162
106.0,72.0,114,162
106.0,74.0,114,162
104.0,74.0,114,162
104.0,74.0,114,162
104.0,74.0,114,162
102.0,74.0,114,162
102.0,76.0,114,162
100.0,76.0,114,162
100.0,76.0,114,162
100.0,76.0,114,162
100.0,76.0,114,162
98.0,78.0,114,162
98.0,78.0,114,162
98.0,78.0,114,162
96.0,78.0,114,162
96.0,78.0,114,162
96.0,78.0,114,162
96.0,78.0,114,162
96.0,78.0,114,162
96.0,78.0,114,162
96.0,78.0,114,162
96.0,78.0,114,162
96.0,78.0,114,162
96.0,78.0,114,162
96.0,78.0,114,162
96.0,78.0,114,162
96.0,78.0,114,162
96.0,78.0,114,162
96.0,78.0,114,162
96.0,78.0,114,162
94.0,78.0,114,162
94.0,80.0,114,162
94.0,80.0,114,162
94.0,78.0,114,162
94.0,78.0,114,162
94.0,78.0,114,162
94.0,78.0,114,162
94.0,78.0,114,162
94.0,78.0,114,162
94.0,78.0,114,162
94.0,78.0,114,162
94.0,78.0,114,162
94.0,78.0,114,162
94.0,78.0,114,162
94.0,78.0,114,162
94.0,78.0,114,162
94.0,76.0,114,162
96.0,76.0,114,162
96.0,74.0,114,162
96.0,74.0,114,162
96.0,74.0,114,162
94.0,74.0,114,162
94.0,74.0,114,162
94.0,72.0,114,162
94.0,72.0,114,162
92.0,72.0,114,162
92.0,72.0,114,162
90.0,72.0,114,162
90.0,72.0,114,162
90.0,72.0,114,162
88.0,72.0,114,162
88.0,72.0,114,162
88.0,72.0,114,162
86.0,72.0,114,162
86.0,72.0,114,162
86.0,72.0,114,162
84.0,72.0,114,162
82.0,74.0,114,162
80.0,74.0,114,162
78.0,74.0,114,162
76.0,74.0,114,162
74.0,74.0,114,162
72.0,74.0,114,162
70.0,74.0,114,162
68.0,74.0,114,162
68.0,74.0,114,162
68.0,74.0,114,162
66.0,74.0,114,162
66.0,72.0,114,162
66.0,72.0,114,162
66.0,72.0,114,162
66.0,72.0,114,162
68.0,74.0,114,162
68.0,74.0,114,162
68.0,74.0,114,162
68.0,74.0,114,162
68.0,74.0,114,162
68.0,74.0,114,162
68.0,74.0,114,162
66.0,72.0,114,162
68.0,72.0,114,162
68.0,72.0,114,162
68.0,72.0,114,162
68.0,72.0,114,162
70.0,72.0,114,162
70.0,72.0,114,162
72.0,72.0,114,162
72.0,72.0,114,162
74.0,72.0,114,162
74.0,72.0,114,162
76.0,72.0,114,162
76.0,72.0,114,162
76.0,72.0,114,162
78.0,72.0,114,162
78.0,72.0,114,162
80.0,72.0,114,162
80.0,72.0,114,162
80.0,70.0,114,162
80.0,70.0,114,162
82.0,68.0,114,162
82.0,68.0,114,162
82.0,66.0,114,162
82.0,66.0,114,162
84.0,66.0,114,162
84.0,66.0,114,162
84.0,66.0,114,162
84.0,66.0,114,162
84.0,64.0,114,162
84.0,64.0,114,162
86.0,64.0,114,162
86.0,64.0,114,162
86.0,64.0,114,162
86.0,64.0,114,162
86.0,66.0,114,162
86.0,66.0,114,162
88.0,64.0,114,162
88.0,64.0,114,162
88.0,64.0,114,162
88.0,64.0,114,162
90.0,66.0,114,162
90.0,64.0,114,162
92.0,64.0,114,162
92.0,66.0,114,162
92.0,66.0,114,162
92.0,64.0,114,162
92.0,66.0,114,162
92.0,66.0,114,162
92.0,66.0,114,162
92.0,66.0,114,162
92.0,66.0,114,162
92.0,66.0,114,162
92.0,66.0,114,162
90.0,68.0,114,162
90.0,68.0,114,162
90.0,70.0,114,162
90.0,72.0,114,162
90.0,74.0,114,162
90.0,76.0,114,162
90.0,76.0,114,162
90.0,78.0,114,162
90.0,78.0,114,162
90.0,78.0,114,162
90.0,78.0,114,162
90.0,78.0,114,162
90.0,78.0,114,162
90.0,78.0,114,162
90.0,78.0,114,162
90.0,78.0,114,162
90.0,78.0,114,162
90.0,78.0,114,162
90.0,78.0,114,162
90.0,78.0,114,162
88.0,78.0,114,162
88.0,78.0,114,162
90.0,76.0,114,162
90.0,76.0,114,162
90.0,78.0,114,162
92.0,76.0,114,162
92.0,76.0,114,162
92.0,76.0,114,162
92.0,76.0,114,162
92.0,76.0,114,162
92.0,76.0,114,162
92.0,76.0,114,162
92.0,76.0,114,162
92.0,76.0,114,162
92.0,76.0,114,162
92.0,76.0,114,162
92.0,76.0,114,162
92.0,76.0,114,162
92.0,76.0,114,162
92.0,78.0,114,162
92.0,78.0,114,162
92.0,78.0,114,162
92.0,78.0,114,162
92.0,78.0,114,162
90.0,78.0,114,162
90.0,78.0,114,162
90.0,78.0,114,162
90.0,78.0,114,162
90.0,80.0,114,162
90.0,80.0,114,162
90.0,80.0,114,162
90.0,80.0,114,162
90.0,80.0,114,162
90.0,80.0,114,162
90.0,80.0,114,162
90.0,80.0,114,162
90.0,80.0,114,162
90.0,80.0,114,162
90.0,80.0,114,162
90.0,80.0,114,162
90.0,80.0,114,162
90.0,80.0,114,162
90.0,80.0,114,162
90.0,78.0,114,162
90.0,78.0,114,162
90.0,78.0,114,162
90.0,78.0,114,162
90.0,80.0,114,162
90.0,80.0,114,162
90.0,80.0,114,162
90.0,80.0,114,162
90.0,80.0,114,162
90.0,80.0,114,162
90.0,80.0,114,162
90.0,80.0,114,162
90.0,80.0,114,162
90.0,80.0,114,162
90.0,80.0,114,162
90.0,80.0,114,162
90.0,80.0,114,162
90.0,80.0,114,162
90.0,80.0,114,162
90.0,80.0,114,162
90.0,80.0,114,162
90.0,80.0,114,162
90.0,80.0,114,162
90.0,82.0,114,162
90.0,82.0,114,162
90.0,82.0,114,162
90.0,82.0,114,162
90.0,82.0,114,162
90.0,82.0,114,162
90.0,82.0,114,162
90.0,82.0,114,162
90.0,82.0,114,162
90.0,82.0,114,162
90.0,82.0,114,162
90.0,82.0,114,162
90.0,82.0,114,162
90.0,82.0,114,162
90.0,82.0,114,162
90.0,80.0,114,162
90.0,80.0,114,162
90.0,80.0,114,162
90.0,80.0,114,162
90.0,80.0,114,162
92.0,80.0,114,162
92.0,80.0,114,162
92.0,80.0,114,162
92.0,80.0,114,162
92.0,80.0,114,162
92.0,80.0,114,162
90.0,82.0,114,162
90.0,82.0,114,162
90.0,82.0,114,162
90.0,82.0,114,162
90.0,82.0,114,162
90.0,82.0,114,162
90.0,82.0,114,162
90.0,82.0,114,162
90.0,82.0,114,162
90.0,82.0,114,162
90.0,82.0,114,162
90.0,82.0,114,162
90.0,82.0,114,162
90.0,82.0,114,162
90.0,82.0,114,162
90.0,82.0,114,162
90.0,82.0,114,162
90.0,82.0,114,162
90.0,82.0,114,162
90.0,82.0,114,162
90.0,82.0,114,162
88.0,82.0,114,162
88.0,84.0,114,162
88.0,84.0,114,162
88.0,84.0,114,162
88.0,82.0,114,162
88.0,82.0,114,162
88.0,82.0,114,162
88.0,82.0,114,162
88.0,82.0,114,162
88.0,82.0,114,162
88.0,82.0,114,162
88.0,84.0,114,162
88.0,84.0,114,162
88.0,84.0,114,162
88.0,84.0,114,162
88.0,84.0,114,162
88.0,84.0,114,162
88.0,86.0,114,162
88.0,86.0,114,162
88.0,86.0,114,162
88.0,86.0,114,162
88.0,86.0,114,162
88.0,86.0,114,162
88.0,86.0,114,162
88.0,86.0,114,162
88.0,86.0,114,162
88.0,88.0,114,162
88.0,88.0,114,162
88.0,88.0,114,162
88.0,90.0,114,162
88.0,90.0,114,162
88.0,92.0,114,162
86.0,92.0,114,162
86.0,90.0,114,162
84.0,90.0,114,162
84.0,92.0,114,162
86.0,92.0,114,162
86.0,92.0,114,162
86.0,92.0,114,162
86.0,92.0,114,162
88.0,92.0,114,162
86.0,92.0,114,162
86.0,92.0,114,162
88.0,92.0,114,162
88.0,92.0,114,162
88.0,90.0,114,162
90.0,90.0,114,162
90.0,90.0,114,162
90.0,90.0,114,162
90.0,90.0,114,162
90.0,92.0,114,162
90.0,92.0,114,162
90.0,92.0,114,162
92.0,92.0,114,162
92.0,92.0,114,162
92.0,92.0,114,162
92.0,92.0,114,162
92.0,92.0,114,162
92.0,92.0,114,162
92.0,92.0,114,162
92.0,92.0,114,162
92.0,92.0,114,162
92.0,92.0,114,162
92.0,92.0,114,162
92.0,92.0,114,162
92.0,90.0,114,162
92.0,90.0,114,162
92.0,90.0,114,162
92.0,88.0,114,162
92.0,88.0,114,162
92.0,88.0,114,162
92.0,88.0,114,162
92.0,88.0,114,162
92.0,88.0,114,162
92.0,88.0,114,162
90.0,88.0,114,162
90.0,88.0,114,162
90.0,88.0,114,162
90.0,88.0,114,162
90.0,88.0,114,162
90.0,88.0,114,162
90.0,88.0,114,162
90.0,88.0,114,162
90.0,88.0,114,162
90.0,88.0,114,162
90.0,88.0,114,162
90.0,88.0,114,162
90.0,88.0,114,162
90.0,88.0,114,162
90.0,88.0,114,162
90.0,88.0,114,162
90.0,88.0,114,162
88.0,88.0,114,162
88.0,88.0,114,162
88.0,88.0,114,162
88.0,88.0,114,162
88.0,88.0,114,162
88.0,88.0,114,162
88.0,88.0,114,162
88.0,88.0,114,162
88.0,88.0,114,162
88.0,88.0,114,162
88.0,88.0,114,162
88.0,88.0,114,162
88.0,88.0,114,162
90.0,88.0,114,162
90.0,88.0,114,162
90.0,88.0,114,162
88.0,88.0,114,162
88.0,88.0,114,162
88.0,88.0,114,162
88.0,88.0,114,162
88.0,88.0,114,162
90.0,88.0,114,162
90.0,88.0,114,162
90.0,88.0,114,162
90.0,88.0,114,162
90.0,88.0,114,162
90.0,88.0,114,162
90.0,88.0,114,162
88.0,88.0,114,162
88.0,88.0,114,162
86.0,88.0,114,162
86.0,88.0,114,162
84.0,90.0,114,162
82.0,90.0,114,162
82.0,88.0,114,162
80.0,88.0,114,162
80.0,88.0,114,162
78.0,88.0,114,162
76.0,88.0,114,162
74.0,88.0,114,162
72.0,90.0,114,162
70.0,90.0,114,162
70.0,88.0,114,162
68.0,88.0,114,162
66.0,86.0,114,162
66.0,86.0,114,162
62.0,86.0,114,162
60.0,86.0,114,162
60.0,84.0,114,162
58.0,86.0,114,162
58.0,86.0,114,162
56.0,86.0,114,162
56.0,84.0,114,162
56.0,84.0,114,162
56.0,84.0,114,162
56.0,84.0,114,162
56.0,84.0,114,162
56.0,82.0,114,162
54.0,82.0,114,162
56.0,82.0,114,162
56.0,82.0,114,162
56.0,82.0,114,162
56.0,82.0,114,162
56.0,82.0,114,162
56.0,80.0,114,162
56.0,80.0,114,162
56.0,80.0,114,162
56.0,80.0,114,162
56.0,80.0,114,162
56.0,80.0,114,162
56.0,78.0,114,162
56.0,78.0,114,162
56.0,78.0,114,162
56.0,78.0,114,162
56.0,78.0,114,162
56.0,78.0,114,162
56.0,78.0,114,162
56.0,78.0,114,162
56.0,78.0,114,162
56.0,78.0,114,162
56.0,78.0,114,162
56.0,78.0,114,162
56.0,76.0,114,162
58.0,76.0,114,162
58.0,76.0,114,162
60.0,76.0,114,162
60.0,76.0,114,162
62.0,76.0,114,162
64.0,76.0,114,162
64.0,76.0,114,162
66.0,76.0,114,162
68.0,76.0,114,162
70.0,76.0,114,162
70.0,76.0,114,162
72.0,74.0,114,162
74.0,74.0,114,162
74.0,74.0,114,162
76.0,74.0,114,162
76.0,74.0,114,162
78.0,74.0,114,162
78.0,74.0,114,162
78.0,74.0,114,162
78.0,72.0,114,162
78.0,72.0,114,162
78.0,72.0,114,162
78.0,70.0,114,162
78.0,68.0,114,162
78.0,68.0,114,162
78.0,66.0,114,162
80.0,66.0,114,162
80.0,66.0,114,162
80.0,66.0,114,162
80.0,66.0,114,162
80.0,66.0,114,162
80.0,66.0,114,162
80.0,66.0,114,162
80.0,66.0,114,162
80.0,66.0,114,162
80.0,66.0,114,162
80.0,66.0,114,162
80.0,66.0,114,162
80.0,66.0,114,162
80.0,66.0,114,162
80.0,64.0,114,162
80.0,64.0,114,162
80.0,64.0,114,162
80.0,64.0,114,162
80.0,64.0,114,162
80.0,64.0,114,162
80.0,64.0,114,162
80.0,64.0,114,162
80.0,64.0,114,162
80.0,64.0,114,162
80.0,64.0,114,162
82.0,64.0,114,162
82.0,66.0,114,162
82.0,66.0,114,162
80.0,66.0,114,162
82.0,66.0,114,162
80.0,66.0,114,162
80.0,68.0,114,162
80.0,66.0,114,162
80.0,68.0,114,162
80.0,68.0,114,162
80.0,68.0,114,162
82.0,66.0,114,162
82.0,66.0,114,162
82.0,66.0,114,162
82.0,66.0,114,162
82.0,66.0,114,162
82.0,66.0,114,162
82.0,68.0,114,162
84.0,68.0,114,162
84.0,68.0,114,162
84.0,68.0,114,162
86.0,68.0,114,162
86.0,70.0,114,162
86.0,70.0,114,162
88.0,70.0,114,162
90.0,70.0,114,162
90.0,70.0,114,162
90.0,70.0,114,162
92.0,70.0,114,162
92.0,68.0,114,162
92.0,68.0,114,162
92.0,68.0,114,162
94.0,68.0,114,162
94.0,70.0,114,162
94.0,70.0,114,162
96.0,70.0,114,162
96.0,70.0,114,162
98.0,70.0,114,162
98.0,72.0,114,162
100.0,72.0,114,162
102.0,72.0,114,162
106.0,72.0,114,162
110.0,72.0,114,162
112.0,72.0,114,162
114.0,72.0,114,162
116.0,72.0,114,162
116.0,72.0,114,162
118.0,72.0,114,162
118.0,72.0,114,162
120.0,72.0,114,162
120.0,72.0,114,162
122.0,72.0,114,162
122.0,72.0,114,162
124.0,74.0,114,162
124.0,74.0,114,162
124.0,74.0,114,162
126.0,74.0,114,162
126.0,74.0,114,162
126.0,74.0,114,162
128.0,74.0,114,162
128.0,74.0,114,162
128.0,74.0,114,162
128.0,74.0,114,162
128.0,74.0,114,162
128.0,74.0,114,162
128.0,74.0,114,162
128.0,74.0,114,162
128.0,74.0,114,162
128.0,74.0,114,162
128.0,74.0,114,162
128.0,74.0,114,162
128.0,74.0,114,162
128.0,74.0,114,162
128.0,74.0,114,162
128.0,74.0,114,162
128.0,74.0,114,162
128.0,74.0,114,162
126.0,76.0,114,162
124.0,76.0,114,162
124.0,76.0,114,162
122.0,76.0,114,162
120.0,76.0,114,162
120.0,76.0,114,162
118.0,76.0,114,162
116.0,76.0,114,162
116.0,74.0,114,162
116.0,74.0,114,162
114.0,74.0,114,162
114.0,74.0,114,162
112.0,74.0,114,162
112.0,74.0,114,162
112.0,74.0,114,162
110.0,74.0,114,162
110.0,74.0,114,162
108.0,74.0,114,162
106.0,74.0,114,162
106.0,74.0,114,162
104.0,74.0,114,162
102.0,72.0,114,162
100.0,72.0,114,162
98.0,70.0,114,162
94.0,68.0,114,162
92.0,68.0,114,162
92.0,66.0,114,162
90.0,66.0,114,162
90.0,66.0,114,162
90.0,68.0,114,162
90.0,68.0,114,162
90.0,70.0,114,162
90.0,72.0,114,162
90.0,74.0,114,162
90.0,76.0,114,162
92.0,76.0,114,162
92.0,76.0,114,162
92.0,76.0,114,162
92.0,76.0,114,162