405,256,122,148
406.0,254.0,122,148
406.0,254.0,122,148
410.0,250.0,122,148
412.0,246.0,122,148
414.0,242.0,122,148
418.0,240.0,122,148
418.0,234.0,122,148
416.0,228.0,122,148
410.0,226.0,122,148
402.0,222.0,122,148
392.0,214.0,122,148
386.0,204.0,122,148
380.0,196.0,122,148
368.0,190.0,122,148
358.0,188.0,122,148
348.0,186.0,122,148
340.0,184.0,122,148
334.0,186.0,122,148
330.0,186.0,122,148
326.0,186.0,122,148
320.0,186.0,122,148
318.0,186.0,122,148
316.0,186.0,122,148
310.0,184.0,122,148
304.0,182.0,122,148
298.0,178.0,122,148
292.0,174.0,122,148
282.0,168.0,122,148
276.0,162.0,122,148
272.0,156.0,122,148
272.0,142.0,122,148
270.0,130.0,122,148
272.0,118.0,122,148
274.0,106.0,122,148
280.0,96.0,122,148
286.0,88.0,122,148
290.0,78.0,122,148
296.0,66.0,122,148
304.0,58.0,122,148
308.0,56.0,122,148
308.0,56.0,122,148
306.0,58.0,122,148
304.0,60.0,122,148
300.0,64.0,122,148
298.0,68.0,122,148
294.0,72.0,122,148
290.0,78.0,122,148
284.0,82.0,122,148
278.0,86.0,122,148
272.0,92.0,122,148
262.0,94.0,122,148
256.0,98.0,122,148
254.0,100.0,122,148
252.0,104.0,122,148
252.0,106.0,122,148
252.0,108.0,122,148
250.0,108.0,122,148
248.0,106.0,122,148
248.0,106.0,122,148
246.0,106.0,122,148
246.0,108.0,122,148
246.0,108.0,122,148
244.0,108.0,122,148
244.0,104.0,122,148
248.0,102.0,122,148
250.0,100.0,122,148
250.0,96.0,122,148
250.0,94.0,122,148
250.0,92.0,122,148
250.0,90.0,122,148
250.0,88.0,122,148
250.0,86.0,122,148
250.0,86.0,122,148
252.0,86.0,122,148
252.0,84.0,122,148
254.0,84.0,122,148
254.0,84.0,122,148
256.0,84.0,122,148
256.0,84.0,122,148
258.0,84.0,122,148
260.0,84.0,122,148
264.0,84.0,122,148
270.0,84.0,122,148
276.0,84.0,122,148
282.0,84.0,122,148
288.0,84.0,122,148
294.0,84.0,122,148
298.0,84.0,122,148
302.0,82.0,122,148
306.0,80.0,122,148
308.0,76.0,122,148
312.0,74.0,122,148
312.0,70.0,122,148
314.0,68.0,122,148
314.0,66.0,122,148
316.0,66.0,122,148
318.0,66.0,122,148
320.0,68.0,122,148
322.0,70.0,122,148
324.0,74.0,122,148
322.0,78.0,122,148
318.0,84.0,122,148
316.0,90.0,122,148
314.0,98.0,122,148
306.0,106.0,122,148
298.0,118.0,122,148
292.0,132.0,122,148
288.0,142.0,122,148
282.0,152.0,122,148
276.0,160.0,122,148
270.0,168.0,122,148
266.0,178.0,122,148
258.0,186.0,122,148
250.0,194.0,122,148
242.0,202.0,122,148
234.0,210.0,122,148
228.0,216.0,122,148
222.0,222.0,122,148
220.0,228.0,122,148
216.0,232.0,122,148
214.0,236.0,122,148
214.0,236.0,122,148
218.0,236.0,122,148
224.0,234.0,122,148
228.0,234.0,122,148
232.0,236.0,122,148
238.0,238.0,122,148
246.0,238.0,122,148
256.0,240.0,122,148
264.0,244.0,122,148
274.0,248.0,122,148
282.0,250.0,122,148
292.0,254.0,122,148
300.0,254.0,122,148
310.0,252.0,122,148
316.0,244.0,122,148
324.0,238.0,122,148
330.0,234.0,122,148
332.0,226.0,122,148
330.0,220.0,122,148
326.0,214.0,122,148
324.0,210.0,122,148
314.0,206.0,122,148
300.0,202.0,122,148
290.0,200.0,122,148
278.0,196.0,122,148
264.0,192.0,122,148
250.0,190.0,122,148
234.0,186.0,122,148
224.0,184.0,122,148
212.0,180.0,122,148
194.0,174.0,122,148
180.0,170.0,122,148
172.0,166.0,122,148
170.0,158.0,122,148
172.0,150.0,122,148
174.0,146.0,122,148
174.0,144.0,122,148
174.0,142.0,122,148
178.0,140.0,122,148
182.0,136.0,122,148
186.0,134.0,122,148
190.0,132.0,122,148
194.0,128.0,122,148
196.0,128.0,122,148
196.0,126.0,122,148
196.0,124.0,122,148
198.0,124.0,122,148
198.0,124.0,122,148
200.0,126.0,122,148
206.0,128.0,122,148
214.0,134.0,122,148
218.0,138.0,122,148
222.0,144.0,122,148
230.0,146.0,122,148
236.0,148.0,122,148
240.0,148.0,122,148
244.0,148.0,122,148
244.0,144.0,122,148
246.0,142.0,122,148
244.0,136.0,122,148
242.0,130.0,122,148
240.0,122.0,122,148
238.0,114.0,122,148
238.0,102.0,122,148
238.0,90.0,122,148
238.0,78.0,122,148
236.0,68.0,122,148
236.0,56.0,122,148
236.0,46.0,122,148
238.0,38.0,122,148
244.0,32.0,122,148
258.0,28.0,122,148
272.0,28.0,122,148
284.0,34.0,122,148
298.0,40.0,122,148
310.0,46.0,122,148
322.0,52.0,122,148
334.0,58.0,122,148
344.0,64.0,122,148
354.0,68.0,122,148
360.0,74.0,122,148
366.0,80.0,122,148
372.0,86.0,122,148
374.0,92.0,122,148
374.0,100.0,122,148
372.0,108.0,122,148
368.0,116.0,122,148
358.0,122.0,122,148
348.0,128.0,122,148
340.0,132.0,122,148
330.0,134.0,122,148
320.0,136.0,122,148
314.0,138.0,122,148
306.0,140.0,122,148
296.0,142.0,122,148
286.0,146.0,122,148
274.0,150.0,122,148
264.0,152.0,122,148
254.0,152.0,122,148
242.0,152.0,122,148
232.0,154.0,122,148
224.0,158.0,122,148
212.0,164.0,122,148
200.0,170.0,122,148
188.0,176.0,122,148
180.0,184.0,122,148
172.0,190.0,122,148
164.0,198.0,122,148
154.0,206.0,122,148
142.0,212.0,122,148
134.0,218.0,122,148
128.0,220.0,122,148
122.0,220.0,122,148
118.0,220.0,122,148
114.0,220.0,122,148
112.0,220.0,122,148
112.0,216.0,122,148
114.0,214.0,122,148
116.0,210.0,122,148
118.0,208.0,122,148
122.0,208.0,122,148
126.0,208.0,122,148
132.0,208.0,122,148
140.0,208.0,122,148
146.0,210.0,122,148
150.0,210.0,122,148
156.0,210.0,122,148
160.0,210.0,122,148
162.0,214.0,122,148
162.0,216.0,122,148
162.0,216.0,122,148
162.0,218.0,122,148
162.0,222.0,122,148
164.0,226.0,122,148
166.0,228.0,122,148
168.0,230.0,122,148
168.0,230.0,122,148
170.0,230.0,122,148
170.0,230.0,122,148
174.0,228.0,122,148
178.0,228.0,122,148
180.0,226.0,122,148
184.0,224.0,122,148
186.0,222.0,122,148
190.0,218.0,122,148
192.0,216.0,122,148
194.0,210.0,122,148
208.0,200.0,122,148
186.0,164.0,122,148
188.0,160.0,122,148
190.0,154.0,122,148
192.0,148.0,122,148
214.0,168.0,122,148
222.0,162.0,122,148
228.0,156.0,122,148
230.0,150.0,122,148
236.0,148.0,122,148
240.0,146.0,122,148
242.0,144.0,122,148
244.0,142.0,122,148
246.0,140.0,122,148
246.0,140.0,122,148
244.0,138.0,122,148
242.0,136.0,122,148
244.0,134.0,122,148
244.0,132.0,122,148
244.0,134.0,122,148
244.0,134.0,122,148
246.0,134.0,122,148
246.0,134.0,122,148
246.0,134.0,122,148
244.0,134.0,122,148
240.0,136.0,122,148
234.0,136.0,122,148
232.0,134.0,122,148
232.0,134.0,122,148
234.0,138.0,122,148
232.0,142.0,122,148
232.0,148.0,122,148
232.0,152.0,122,148
234.0,156.0,122,148
238.0,160.0,122,148
242.0,164.0,122,148
246.0,168.0,122,148
248.0,174.0,122,148
250.0,178.0,122,148
252.0,180.0,122,148
252.0,180.0,122,148
254.0,180.0,122,148
256.0,180.0,122,148
256.0,180.0,122,148
256.0,178.0,122,148
256.0,176.0,122,148
260.0,172.0,122,148
268.0,170.0,122,148
274.0,172.0,122,148
278.0,172.0,122,148
280.0,172.0,122,148
270.0,250.0,122,148
260.0,300.0,122,148
272.0,282.0,122,148
262.0,250.0,122,148
360.0,234.0,122,148
364.0,240.0,122,148
366.0,242.0,122,148
360.0,244.0,122,148
358.0,246.0,122,148
354.0,250.0,122,148
350.0,250.0,122,148
346.0,250.0,122,148
344.0,250.0,122,148
344.0,248.0,122,148
344.0,244.0,122,148
342.0,238.0,122,148
346.0,232.0,122,148
348.0,226.0,122,148
348.0,220.0,122,148
348.0,214.0,122,148
348.0,208.0,122,148
348.0,202.0,122,148
348.0,196.0,122,148
344.0,190.0,122,148
340.0,186.0,122,148
334.0,180.0,122,148
330.0,172.0,122,148
328.0,166.0,122,148
328.0,160.0,122,148
330.0,158.0,122,148
332.0,158.0,122,148
334.0,158.0,122,148
336.0,160.0,122,148
338.0,164.0,122,148
340.0,170.0,122,148
340.0,178.0,122,148
338.0,186.0,122,148
336.0,196.0,122,148
332.0,202.0,122,148
324.0,206.0,122,148
312.0,210.0,122,148
292.0,212.0,122,148
270.0,214.0,122,148
250.0,214.0,122,148
238.0,214.0,122,148
228.0,212.0,122,148
216.0,210.0,122,148
206.0,206.0,122,148
202.0,204.0,122,148
200.0,198.0,122,148
196.0,196.0,122,148
190.0,194.0,122,148
188.0,190.0,122,148
186.0,186.0,122,148
182.0,184.0,122,148
176.0,178.0,122,148
174.0,172.0,122,148
172.0,168.0,122,148
168.0,164.0,122,148
166.0,160.0,122,148
166.0,158.0,122,148
162.0,152.0,122,148
162.0,148.0,122,148
170.0,146.0,122,148
176.0,144.0,122,148
182.0,142.0,122,148
194.0,142.0,122,148
206.0,142.0,122,148
218.0,146.0,122,148
232.0,150.0,122,148
246.0,154.0,122,148
256.0,156.0,122,148
268.0,158.0,122,148
278.0,158.0,122,148
290.0,158.0,122,148
300.0,156.0,122,148
308.0,154.0,122,148
318.0,154.0,122,148
326.0,156.0,122,148
334.0,156.0,122,148
346.0,158.0,122,148
356.0,158.0,122,148
368.0,160.0,122,148
378.0,162.0,122,148
390.0,162.0,122,148
398.0,160.0,122,148
408.0,158.0,122,148
418.0,156.0,122,148
426.0,152.0,122,148
436.0,150.0,122,148
446.0,150.0,122,148
454.0,150.0,122,148
458.0,148.0,122,148
464.0,148.0,122,148
468.0,148.0,122,148
470.0,146.0,122,148
472.0,146.0,122,148
474.0,146.0,122,148
472.0,146.0,122,148
466.0,148.0,122,148
462.0,150.0,122,148
458.0,150.0,122,148
450.0,152.0,122,148
442.0,154.0,122,148
436.0,154.0,122,148
428.0,156.0,122,148
418.0,156.0,122,148
412.0,158.0,122,148
406.0,160.0,122,148
402.0,162.0,122,148
398.0,164.0,122,148
394.0,166.0,122,148
390.0,166.0,122,148
386.0,168.0,122,148
382.0,170.0,122,148
376.0,170.0,122,148
372.0,168.0,122,148
364.0,166.0,122,148
358.0,162.0,122,148
352.0,158.0,122,148
348.0,154.0,122,148
346.0,148.0,122,148
342.0,144.0,122,148
338.0,140.0,122,148
336.0,136.0,122,148
334.0,132.0,122,148
334.0,130.0,122,148
332.0,128.0,122,148
330.0,128.0,122,148
332.0,128.0,122,148
334.0,128.0,122,148
336.0,128.0,122,148
340.0,128.0,122,148
344.0,130.0,122,148
346.0,132.0,122,148
348.0,134.0,122,148
348.0,134.0,122,148
350.0,134.0,122,148
356.0,132.0,122,148
360.0,130.0,122,148
364.0,130.0,122,148
364.0,132.0,122,148
362.0,132.0,122,148
358.0,134.0,122,148
356.0,134.0,122,148
354.0,134.0,122,148
348.0,136.0,122,148
342.0,138.0,122,148
338.0,140.0,122,148
332.0,142.0,122,148
326.0,142.0,122,148
322.0,144.0,122,148
318.0,142.0,122,148
314.0,142.0,122,148
310.0,144.0,122,148
306.0,144.0,122,148
306.0,146.0,122,148
306.0,148.0,122,148
306.0,150.0,122,148
310.0,152.0,122,148
312.0,154.0,122,148
316.0,154.0,122,148
320.0,156.0,122,148
326.0,156.0,122,148
330.0,156.0,122,148
334.0,154.0,122,148
338.0,152.0,122,148
342.0,150.0,122,148
344.0,146.0,122,148
344.0,144.0,122,148
342.0,142.0,122,148
340.0,144.0,122,148
340.0,144.0,122,148
338.0,146.0,122,148
332.0,150.0,122,148
326.0,154.0,122,148
316.0,158.0,122,148
308.0,160.0,122,148
300.0,164.0,122,148
294.0,168.0,122,148
292.0,172.0,122,148
286.0,174.0,122,148
282.0,178.0,122,148
278.0,180.0,122,148
278.0,182.0,122,148
276.0,184.0,122,148
276.0,186.0,122,148
274.0,186.0,122,148
274.0,186.0,122,148
272.0,188.0,122,148
270.0,188.0,122,148
268.0,188.0,122,148
266.0,188.0,122,148
264.0,188.0,122,148
262.0,188.0,122,148
258.0,188.0,122,148
256.0,190.0,122,148
254.0,190.0,122,148
254.0,192.0,122,148
252.0,192.0,122,148
252.0,194.0,122,148
252.0,196.0,122,148
254.0,196.0,122,148
254.0,198.0,122,148
256.0,198.0,122,148
258.0,200.0,122,148
260.0,200.0,122,148
262.0,200.0,122,148
264.0,202.0,122,148
264.0,200.0,122,148
266.0,200.0,122,148
266.0,200.0,122,148
266.0,200.0,122,148
266.0,202.0,122,148
266.0,202.0,122,148
264.0,202.0,122,148
262.0,202.0,122,148
262.0,204.0,122,148
260.0,204.0,122,148
258.0,204.0,122,148
256.0,204.0,122,148
254.0,204.0,122,148
254.0,204.0,122,148
252.0,204.0,122,148
252.0,204.0,122,148
250.0,202.0,122,148
250.0,202.0,122,148
252.0,202.0,122,148
252.0,200.0,122,148
254.0,200.0,122,148
254.0,200.0,122,148
256.0,198.0,122,148
256.0,198.0,122,148
256.0,196.0,122,148
256.0,192.0,122,148
256.0,190.0,122,148
254.0,188.0,122,148
254.0,186.0,122,148
254.0,186.0,122,148
254.0,186.0,122,148
254.0,186.0,122,148
254.0,186.0,122,148
254.0,188.0,122,148
256.0,188.0,122,148
256.0,192.0,122,148
260.0,194.0,122,148
262.0,196.0,122,148
266.0,198.0,122,148
268.0,200.0,122,148
270.0,202.0,122,148
270.0,202.0,122,148
272.0,202.0,122,148
272.0,202.0,122,148
272.0,202.0,122,148
272.0,202.0,122,148
272.0,204.0,122,148
270.0,206.0,122,148
270.0,208.0,122,148
270.0,210.0,122,148
268.0,212.0,122,148
266.0,214.0,122,148
266.0,214.0,122,148
264.0,216.0,122,148
264.0,216.0,122,148
262.0,214.0,122,148
262.0,214.0,122,148
262.0,214.0,122,148
260.0,214.0,122,148
260.0,214.0,122,148
260.0,214.0,122,148
258.0,214.0,122,148
256.0,214.0,122,148
254.0,214.0,122,148
252.0,214.0,122,148
252.0,214.0,122,148
250.0,214.0,122,148
248.0,214.0,122,148
246.0,214.0,122,148
244.0,214.0,122,148
242.0,216.0,122,148
240.0,216.0,122,148
238.0,218.0,122,148
236.0,218.0,122,148
236.0,220.0,122,148
244.0,222.0,122,148
256.0,224.0,122,148
264.0,226.0,122,148
272.0,228.0,122,148
280.0,230.0,122,148
286.0,232.0,122,148
296.0,234.0,122,148
302.0,236.0,122,148
304.0,238.0,122,148
300.0,240.0,122,148
296.0,240.0,122,148
286.0,242.0,122,148
274.0,238.0,122,148
266.0,232.0,122,148
260.0,228.0,122,148
258.0,232.0,122,148
256.0,232.0,122,148
258.0,232.0,122,148
268.0,232.0,122,148
280.0,234.0,122,148
290.0,238.0,122,148
300.0,244.0,122,148
310.0,256.0,122,148
318.0,266.0,122,148
324.0,272.0,122,148
328.0,276.0,122,148
330.0,280.0,122,148
334.0,284.0,122,148
330.0,284.0,122,148
322.0,278.0,122,148
316.0,258.0,122,148
314.0,244.0,122,148
310.0,234.0,122,148
294.0,222.0,122,148
288.0,216.0,122,148
288.0,208.0,122,148
286.0,204.0,122,148
278.0,200.0,122,148
278.0,198.0,122,148
280.0,198.0,122,148
280.0,200.0,122,148
284.0,208.0,122,148
292.0,212.0,122,148
302.0,214.0,122,148
310.0,214.0,122,148
320.0,216.0,122,148
328.0,214.0,122,148
336.0,210.0,122,148
342.0,206.0,122,148
350.0,202.0,122,148
354.0,196.0,122,148
362.0,190.0,122,148
372.0,188.0,122,148
384.0,190.0,122,148
394.0,198.0,122,148
402.0,204.0,122,148
408.0,212.0,122,148
406.0,222.0,122,148
400.0,230.0,122,148
392.0,238.0,122,148
380.0,244.0,122,148
372.0,242.0,122,148
370.0,236.0,122,148
366.0,232.0,122,148
360.0,232.0,122,148
358.0,234.0,122,148
364.0,244.0,122,148
372.0,258.0,122,148
376.0,268.0,122,148
378.0,276.0,122,148
376.0,278.0,122,148
374.0,280.0,122,148
374.0,280.0,122,148
378.0,280.0,122,148
380.0,280.0,122,148
382.0,278.0,122,148
382.0,272.0,122,148
380.0,262.0,122,148
376.0,250.0,122,148
374.0,242.0,122,148
374.0,234.0,122,148
374.0,228.0,122,148
370.0,220.0,122,148
368.0,208.0,122,148
370.0,194.0,122,148
378.0,182.0,122,148
382.0,176.0,122,148
382.0,176.0,122,148
384.0,182.0,122,148
384.0,190.0,122,148
380.0,194.0,122,148
382.0,198.0,122,148
386.0,200.0,122,148
396.0,200.0,122,148
402.0,200.0,122,148
408.0,202.0,122,148
414.0,202.0,122,148
410.0,200.0,122,148
402.0,200.0,122,148
400.0,200.0,122,148
400.0,198.0,122,148
398.0,194.0,122,148
396.0,192.0,122,148