245,64,12,13
245.0,63.0,12,13
245.0,63.0,12,13
245.0,63.0,12,13
245.0,63.0,12,13
246.0,63.0,12,13
246.0,63.0,12,13
246.0,63.0,12,13
246.0,63.0,12,13
246.0,63.0,12,13
246.0,63.0,12,13
246.0,63.0,12,13
246.0,63.0,12,13
246.0,63.0,12,13
246.0,63.0,12,13
246.0,63.0,12,13
246.0,63.0,12,13
246.0,63.0,12,13
246.0,63.0,12,13
246.0,63.0,12,13
246.0,63.0,12,13
246.0,63.0,12,13
245.0,63.0,12,13
245.0,63.0,12,13
245.0,63.0,12,13
244.0,63.0,12,13
243.0,63.0,12,13
243.0,63.0,12,13
242.0,63.0,12,13
241.0,63.0,12,13
240.0,63.0,12,13
239.0,63.0,12,13
238.0,63.0,12,13
237.0,64.0,12,13
236.0,64.0,12,13
234.0,64.0,12,13
233.0,64.0,12,13
231.0,64.0,12,13
230.0,64.0,12,13
228.0,64.0,12,13
226.0,64.0,12,13
224.0,64.0,12,13
222.0,64.0,12,13
221.0,64.0,12,13
219.0,63.0,12,13
217.0,63.0,12,13
215.0,62.0,12,13
213.0,62.0,12,13
212.0,62.0,12,13
210.0,61.0,12,13
208.0,61.0,12,13
206.0,61.0,12,13
204.0,61.0,12,13
203.0,61.0,12,13
201.0,62.0,12,13
199.0,62.0,12,13
198.0,62.0,12,13
196.0,62.0,12,13
194.0,62.0,12,13
192.0,62.0,12,13
191.0,62.0,12,13
189.0,62.0,12,13
187.0,61.0,12,13
185.0,61.0,12,13
184.0,61.0,12,13
182.0,61.0,12,13
180.0,60.0,12,13
178.0,60.0,12,13
177.0,60.0,12,13
175.0,60.0,12,13
173.0,60.0,12,13
171.0,60.0,12,13
170.0,61.0,12,13
168.0,61.0,12,13
166.0,61.0,12,13
164.0,61.0,12,13
162.0,61.0,12,13
161.0,61.0,12,13
159.0,61.0,12,13
157.0,61.0,12,13
156.0,61.0,12,13
154.0,60.0,12,13
153.0,60.0,12,13
152.0,59.0,12,13
151.0,59.0,12,13
151.0,59.0,12,13
150.0,59.0,12,13
150.0,59.0,12,13
150.0,59.0,12,13
150.0,59.0,12,13
149.0,59.0,12,13
149.0,60.0,12,13
150.0,60.0,12,13
150.0,60.0,12,13
150.0,60.0,12,13
151.0,60.0,12,13
151.0,60.0,12,13
152.0,60.0,12,13
152.0,60.0,12,13
152.0,60.0,12,13
152.0,60.0,12,13
152.0,60.0,12,13
153.0,59.0,12,13
153.0,59.0,12,13
153.0,59.0,12,13
153.0,59.0,12,13
153.0,59.0,12,13
153.0,59.0,12,13
153.0,59.0,12,13
154.0,59.0,12,13
154.0,60.0,12,13
154.0,60.0,12,13
154.0,61.0,12,13
154.0,61.0,12,13
155.0,62.0,12,13
155.0,62.0,12,13
155.0,63.0,12,13
156.0,63.0,12,13
156.0,63.0,12,13
156.0,63.0,12,13
157.0,63.0,12,13
157.0,63.0,12,13
157.0,63.0,12,13
156.0,63.0,12,13
156.0,63.0,12,13
156.0,62.0,12,13
155.0,61.0,12,13
155.0,60.0,12,13
154.0,60.0,12,13
154.0,59.0,12,13
153.0,59.0,12,13
152.0,58.0,12,13
151.0,58.0,12,13
151.0,58.0,12,13
150.0,58.0,12,13
149.0,58.0,12,13
149.0,58.0,12,13
148.0,58.0,12,13
148.0,58.0,12,13
148.0,58.0,12,13
148.0,58.0,12,13
148.0,58.0,12,13
148.0,58.0,12,13
147.0,58.0,12,13
147.0,57.0,12,13
147.0,56.0,12,13
146.0,56.0,12,13
146.0,55.0,12,13
145.0,55.0,12,13
144.0,55.0,12,13
143.0,55.0,12,13
142.0,55.0,12,13
141.0,55.0,12,13
140.0,55.0,12,13
138.0,55.0,12,13
137.0,56.0,12,13
135.0,56.0,12,13
133.0,56.0,12,13
131.0,56.0,12,13
129.0,56.0,12,13
127.0,56.0,12,13
126.0,56.0,12,13
124.0,56.0,12,13
122.0,56.0,12,13
121.0,55.0,12,13
119.0,54.0,12,13
118.0,53.0,12,13
117.0,53.0,12,13
115.0,52.0,12,13
114.0,51.0,12,13
112.0,51.0,12,13
111.0,51.0,12,13
110.0,51.0,12,13
108.0,51.0,12,13
107.0,51.0,12,13
106.0,51.0,12,13
105.0,51.0,12,13
104.0,51.0,12,13
104.0,51.0,12,13
103.0,51.0,12,13
103.0,51.0,12,13
102.0,51.0,12,13
102.0,51.0,12,13
102.0,51.0,12,13
101.0,50.0,12,13
101.0,50.0,12,13
100.0,49.0,12,13
99.0,49.0,12,13
98.0,49.0,12,13
98.0,49.0,12,13
97.0,49.0,12,13
96.0,49.0,12,13
95.0,50.0,12,13
94.0,50.0,12,13
92.0,50.0,12,13
91.0,50.0,12,13
89.0,51.0,12,13
88.0,52.0,12,13
86.0,52.0,12,13
84.0,52.0,12,13
82.0,52.0,12,13
81.0,52.0,12,13
80.0,51.0,12,13
79.0,51.0,12,13
78.0,50.0,12,13
78.0,49.0,12,13
77.0,48.0,12,13
77.0,48.0,12,13
77.0,47.0,12,13
77.0,47.0,12,13
77.0,47.0,12,13
78.0,47.0,12,13
79.0,47.0,12,13
80.0,47.0,12,13
81.0,48.0,12,13
82.0,48.0,12,13
83.0,48.0,12,13
85.0,47.0,12,13
86.0,47.0,12,13
87.0,46.0,12,13
88.0,46.0,12,13
89.0,45.0,12,13
89.0,45.0,12,13
90.0,45.0,12,13
90.0,45.0,12,13
91.0,45.0,12,13
91.0,45.0,12,13
92.0,45.0,12,13
93.0,45.0,12,13
93.0,45.0,12,13
94.0,45.0,12,13
94.0,45.0,12,13
95.0,46.0,12,13
95.0,46.0,12,13
95.0,46.0,12,13
95.0,46.0,12,13
96.0,45.0,12,13
96.0,45.0,12,13
97.0,45.0,12,13
97.0,44.0,12,13
98.0,44.0,12,13
98.0,43.0,12,13
99.0,43.0,12,13
99.0,42.0,12,13
100.0,42.0,12,13
100.0,41.0,12,13
100.0,40.0,12,13
101.0,40.0,12,13
102.0,40.0,12,13
103.0,40.0,12,13
104.0,40.0,12,13
105.0,40.0,12,13
107.0,41.0,12,13
109.0,41.0,12,13
111.0,42.0,12,13
113.0,42.0,12,13
116.0,43.0,12,13
118.0,43.0,12,13
121.0,44.0,12,13
124.0,44.0,12,13
127.0,44.0,12,13
130.0,44.0,12,13
133.0,44.0,12,13
136.0,44.0,12,13
139.0,44.0,12,13
142.0,43.0,12,13
145.0,43.0,12,13
147.0,42.0,12,13
148.0,41.0,12,13
150.0,41.0,12,13
151.0,40.0,12,13
153.0,40.0,12,13
154.0,39.0,12,13
156.0,39.0,12,13
158.0,39.0,12,13
159.0,39.0,12,13
161.0,39.0,12,13
163.0,39.0,12,13
166.0,39.0,12,13
169.0,40.0,12,13
173.0,40.0,12,13
177.0,40.0,12,13
181.0,41.0,12,13
185.0,42.0,12,13
189.0,43.0,12,13
193.0,43.0,12,13
197.0,44.0,12,13
201.0,44.0,12,13
205.0,44.0,12,13
209.0,44.0,12,13
213.0,43.0,12,13
216.0,43.0,12,13
219.0,42.0,12,13
222.0,42.0,12,13
225.0,41.0,12,13
227.0,41.0,12,13
230.0,41.0,12,13
233.0,41.0,12,13
235.0,42.0,12,13
238.0,42.0,12,13
241.0,43.0,12,13
244.0,44.0,12,13
247.0,45.0,12,13
250.0,46.0,12,13
253.0,47.0,12,13
256.0,47.0,12,13
259.0,48.0,12,13
262.0,48.0,12,13
265.0,48.0,12,13
268.0,48.0,12,13
271.0,47.0,12,13
273.0,47.0,12,13
275.0,47.0,12,13
278.0,46.0,12,13
280.0,46.0,12,13
282.0,46.0,12,13
285.0,46.0,12,13
287.0,47.0,12,13
289.0,47.0,12,13
291.0,48.0,12,13
293.0,48.0,12,13
295.0,48.0,12,13
296.0,48.0,12,13
298.0,47.0,12,13
299.0,46.0,12,13
300.0,45.0,12,13
301.0,44.0,12,13
302.0,43.0,12,13
302.0,43.0,12,13
303.0,42.0,12,13
303.0,41.0,12,13
304.0,39.0,12,13
304.0,38.0,12,13
305.0,36.0,12,13
306.0,35.0,12,13
307.0,35.0,12,13
308.0,35.0,12,13
309.0,36.0,12,13
310.0,37.0,12,13
312.0,38.0,12,13
313.0,39.0,12,13
315.0,40.0,12,13
317.0,41.0,12,13
319.0,41.0,12,13
322.0,41.0,12,13
324.0,40.0,12,13
326.0,39.0,12,13
327.0,38.0,12,13
328.0,37.0,12,13
329.0,36.0,12,13
330.0,35.0,12,13
330.0,34.0,12,13
329.0,33.0,12,13
328.0,32.0,12,13
327.0,32.0,12,13
325.0,32.0,12,13
323.0,32.0,12,13
321.0,33.0,12,13
319.0,34.0,12,13
316.0,34.0,12,13
313.0,35.0,12,13
310.0,37.0,12,13
307.0,38.0,12,13
303.0,39.0,12,13
300.0,40.0,12,13
296.0,41.0,12,13
293.0,41.0,12,13
290.0,41.0,12,13
287.0,41.0,12,13
285.0,40.0,12,13
283.0,39.0,12,13
280.0,38.0,12,13
277.0,37.0,12,13
274.0,37.0,12,13
271.0,38.0,12,13
268.0,38.0,12,13
264.0,39.0,12,13
261.0,39.0,12,13
257.0,40.0,12,13
254.0,40.0,12,13
252.0,40.0,12,13
249.0,40.0,12,13
247.0,40.0,12,13
245.0,40.0,12,13
243.0,41.0,12,13
240.0,41.0,12,13
238.0,41.0,12,13
235.0,41.0,12,13
233.0,42.0,12,13
230.0,43.0,12,13
228.0,44.0,12,13
226.0,45.0,12,13
224.0,45.0,12,13
223.0,46.0,12,13
222.0,46.0,12,13
222.0,46.0,12,13
222.0,45.0,12,13
222.0,44.0,12,13
222.0,42.0,12,13
222.0,40.0,12,13
222.0,38.0,12,13
223.0,36.0,12,13
223.0,33.0,12,13
223.0,30.0,12,13
223.0,27.0,12,13
224.0,25.0,12,13
225.0,23.0,12,13
227.0,21.0,12,13
228.0,20.0,12,13
229.0,18.0,12,13
229.0,18.0,12,13
228.0,18.0,12,13
226.0,18.0,12,13
223.0,19.0,12,13
220.0,20.0,12,13
215.0,21.0,12,13
210.0,22.0,12,13
205.0,24.0,12,13
204.0,22.0,12,13
205.0,22.0,12,13
199.0,19.0,12,13
196.0,20.0,12,13
190.0,26.0,12,13
184.0,34.0,12,13
177.0,40.0,12,13
184.0,44.0,12,13
184.0,44.0,12,13
184.0,44.0,12,13
184.0,44.0,12,13
184.0,43.0,12,13
184.0,43.0,12,13
184.0,43.0,12,13
184.0,44.0,12,13
184.0,43.0,12,13
185.0,43.0,12,13
184.0,43.0,12,13
185.0,43.0,12,13
185.0,43.0,12,13
185.0,43.0,12,13
185.0,43.0,12,13
186.0,43.0,12,13
185.0,42.0,12,13
185.0,43.0,12,13
185.0,42.0,12,13
185.0,42.0,12,13
185.0,42.0,12,13
185.0,42.0,12,13
185.0,42.0,12,13
185.0,42.0,12,13
185.0,42.0,12,13
185.0,42.0,12,13
185.0,42.0,12,13
185.0,42.0,12,13
185.0,42.0,12,13
185.0,42.0,12,13
185.0,42.0,12,13
185.0,42.0,12,13
185.0,42.0,12,13
185.0,42.0,12,13
185.0,42.0,12,13
185.0,42.0,12,13
185.0,42.0,12,13
185.0,42.0,12,13
185.0,42.0,12,13
185.0,42.0,12,13
185.0,42.0,12,13
185.0,42.0,12,13
185.0,42.0,12,13
185.0,42.0,12,13
185.0,42.0,12,13
185.0,42.0,12,13
185.0,42.0,12,13
185.0,42.0,12,13
185.0,43.0,12,13