294,135,44,171
295.0,134.0,44,171
295.0,134.0,44,171
297.0,134.0,44,171
297.0,134.0,44,171
298.0,134.0,44,171
299.0,134.0,44,171
299.0,134.0,44,171
299.0,135.0,44,171
299.0,135.0,44,171
298.0,135.0,44,171
297.0,135.0,44,171
295.0,136.0,44,171
293.0,135.0,44,171
291.0,135.0,44,171
289.0,136.0,44,171
287.0,136.0,44,171
285.0,136.0,44,171
283.0,137.0,44,171
282.0,137.0,44,171
281.0,137.0,44,171
279.0,138.0,44,171
278.0,138.0,44,171
278.0,139.0,44,171
277.0,140.0,44,171
277.0,140.0,44,171
276.0,141.0,44,171
275.0,142.0,44,171
274.0,142.0,44,171
274.0,143.0,44,171
272.0,145.0,44,171
270.0,146.0,44,171
270.0,147.0,44,171
269.0,148.0,44,171
268.0,149.0,44,171
268.0,149.0,44,171
266.0,149.0,44,171
265.0,149.0,44,171
264.0,149.0,44,171
262.0,150.0,44,171
261.0,150.0,44,171
260.0,151.0,44,171
260.0,151.0,44,171
259.0,152.0,44,171
260.0,151.0,44,171
260.0,152.0,44,171
261.0,152.0,44,171
262.0,151.0,44,171
263.0,150.0,44,171
263.0,149.0,44,171
263.0,148.0,44,171
262.0,148.0,44,171
261.0,148.0,44,171
260.0,147.0,44,171
259.0,146.0,44,171
258.0,145.0,44,171
258.0,145.0,44,171
257.0,143.0,44,171
257.0,142.0,44,171
256.0,143.0,44,171
257.0,142.0,44,171
256.0,140.0,44,171
255.0,139.0,44,171
254.0,137.0,44,171
254.0,135.0,44,171
254.0,134.0,44,171
255.0,133.0,44,171
255.0,133.0,44,171
256.0,132.0,44,171
257.0,132.0,44,171
258.0,131.0,44,171
260.0,131.0,44,171
260.0,129.0,44,171
260.0,130.0,44,171
260.0,131.0,44,171
261.0,131.0,44,171
260.0,131.0,44,171
260.0,130.0,44,171
259.0,130.0,44,171
260.0,130.0,44,171
259.0,131.0,44,171
260.0,131.0,44,171
259.0,132.0,44,171
260.0,132.0,44,171
260.0,132.0,44,171
260.0,133.0,44,171
260.0,133.0,44,171
261.0,133.0,44,171
261.0,132.0,44,171
261.0,132.0,44,171
262.0,131.0,44,171
263.0,131.0,44,171
263.0,131.0,44,171
264.0,131.0,44,171
264.0,131.0,44,171
265.0,132.0,44,171
266.0,131.0,44,171
267.0,132.0,44,171
268.0,131.0,44,171
270.0,131.0,44,171
271.0,132.0,44,171
273.0,133.0,44,171
274.0,134.0,44,171
277.0,135.0,44,171
281.0,135.0,44,171
287.0,135.0,44,171
299.0,136.0,44,171
305.0,206.0,44,171
311.0,208.0,44,171
319.0,207.0,44,171
324.0,208.0,44,171
330.0,209.0,44,171
338.0,210.0,44,171
341.0,210.0,44,171
349.0,210.0,44,171
355.0,212.0,44,171
361.0,212.0,44,171
369.0,211.0,44,171
377.0,211.0,44,171
384.0,210.0,44,171
391.0,210.0,44,171
397.0,211.0,44,171
405.0,210.0,44,171
411.0,210.0,44,171
415.0,209.0,44,171
422.0,208.0,44,171
428.0,209.0,44,171
433.0,208.0,44,171
439.0,209.0,44,171
443.0,209.0,44,171
447.0,209.0,44,171
450.0,208.0,44,171
454.0,208.0,44,171
456.0,208.0,44,171
460.0,208.0,44,171
465.0,209.0,44,171
469.0,210.0,44,171
474.0,211.0,44,171
479.0,210.0,44,171
485.0,210.0,44,171
489.0,209.0,44,171
492.0,208.0,44,171
496.0,207.0,44,171
501.0,205.0,44,171
506.0,205.0,44,171
512.0,205.0,44,171
517.0,205.0,44,171
521.0,204.0,44,171
526.0,203.0,44,171
532.0,202.0,44,171
538.0,203.0,44,171
542.0,204.0,44,171
546.0,205.0,44,171
551.0,206.0,44,171
556.0,207.0,44,171
563.0,208.0,44,171
568.0,208.0,44,171
572.0,209.0,44,171
575.0,210.0,44,171
579.0,210.0,44,171
581.0,210.0,44,171
585.0,211.0,44,171
588.0,211.0,44,171
592.0,212.0,44,171
597.0,213.0,44,171
601.0,213.0,44,171
607.0,214.0,44,171
612.0,214.0,44,171
617.0,214.0,44,171
530.0,213.0,44,171
513.0,255.0,44,171
511.0,227.0,44,171
513.0,214.0,44,171
516.0,213.0,44,171
519.0,214.0,44,171
518.0,216.0,44,171
521.0,215.0,44,171
524.0,215.0,44,171
527.0,216.0,44,171
531.0,218.0,44,171
533.0,218.0,44,171
533.0,218.0,44,171
534.0,217.0,44,171
536.0,215.0,44,171
545.0,219.0,44,171
548.0,220.0,44,171
550.0,221.0,44,171
552.0,220.0,44,171
554.0,220.0,44,171
557.0,220.0,44,171
560.0,220.0,44,171
562.0,221.0,44,171
565.0,221.0,44,171
568.0,221.0,44,171
567.0,223.0,44,171
569.0,223.0,44,171
572.0,222.0,44,171
572.0,222.0,44,171
572.0,221.0,44,171
572.0,221.0,44,171
574.0,220.0,44,171
579.0,222.0,44,171
582.0,222.0,44,171
584.0,221.0,44,171
587.0,220.0,44,171
591.0,220.0,44,171
595.0,218.0,44,171
598.0,215.0,44,171
602.0,210.0,44,171
607.0,207.0,44,171
613.0,203.0,44,171
616.0,200.0,44,171
616.0,193.0,44,171
530.0,183.0,44,171
513.0,227.0,44,171
496.0,227.0,44,171
511.0,138.0,44,171
504.0,135.0,44,171
502.0,56.0,44,171
526.0,48.0,44,171
525.0,48.0,44,171
519.0,48.0,44,171
513.0,48.0,44,171
509.0,47.0,44,171
503.0,48.0,44,171
498.0,48.0,44,171
494.0,48.0,44,171
490.0,49.0,44,171
486.0,49.0,44,171
485.0,48.0,44,171
485.0,50.0,44,171
480.0,48.0,44,171
475.0,49.0,44,171
478.0,46.0,44,171
474.0,49.0,44,171
468.0,50.0,44,171
468.0,50.0,44,171
463.0,52.0,44,171
463.0,52.0,44,171
462.0,53.0,44,171
458.0,53.0,44,171
454.0,53.0,44,171
458.0,52.0,44,171
455.0,56.0,44,171
452.0,57.0,44,171
450.0,56.0,44,171
448.0,57.0,44,171
446.0,57.0,44,171
444.0,57.0,44,171
441.0,57.0,44,171
439.0,57.0,44,171
436.0,57.0,44,171
435.0,57.0,44,171
434.0,58.0,44,171
432.0,58.0,44,171
432.0,58.0,44,171
432.0,58.0,44,171
431.0,59.0,44,171
430.0,59.0,44,171
430.0,58.0,44,171
430.0,58.0,44,171
430.0,58.0,44,171
429.0,58.0,44,171
428.0,58.0,44,171
427.0,58.0,44,171
425.0,59.0,44,171
424.0,58.0,44,171
422.0,59.0,44,171
419.0,58.0,44,171
416.0,58.0,44,171
414.0,58.0,44,171
413.0,58.0,44,171
411.0,59.0,44,171
410.0,59.0,44,171
408.0,59.0,44,171
407.0,59.0,44,171
406.0,59.0,44,171
404.0,59.0,44,171
402.0,59.0,44,171
400.0,58.0,44,171
396.0,57.0,44,171
393.0,57.0,44,171
389.0,57.0,44,171
386.0,57.0,44,171
383.0,57.0,44,171
380.0,57.0,44,171
376.0,57.0,44,171
372.0,58.0,44,171
367.0,58.0,44,171
363.0,58.0,44,171
358.0,59.0,44,171
353.0,59.0,44,171
347.0,60.0,44,171
342.0,59.0,44,171
335.0,60.0,44,171
329.0,59.0,44,171
322.0,59.0,44,171
316.0,59.0,44,171
309.0,58.0,44,171
302.0,58.0,44,171
295.0,57.0,44,171
287.0,57.0,44,171
281.0,56.0,44,171
275.0,55.0,44,171
268.0,55.0,44,171
262.0,54.0,44,171
257.0,54.0,44,171
252.0,54.0,44,171
247.0,53.0,44,171
243.0,53.0,44,171
239.0,52.0,44,171
236.0,52.0,44,171
232.0,51.0,44,171
228.0,51.0,44,171
225.0,50.0,44,171
221.0,50.0,44,171
217.0,49.0,44,171
213.0,49.0,44,171
210.0,48.0,44,171
206.0,48.0,44,171
201.0,48.0,44,171
197.0,48.0,44,171
192.0,48.0,44,171
188.0,49.0,44,171
183.0,48.0,44,171
178.0,48.0,44,171
173.0,47.0,44,171
167.0,47.0,44,171
162.0,47.0,44,171
158.0,46.0,44,171
153.0,46.0,44,171
148.0,45.0,44,171
144.0,45.0,44,171
139.0,45.0,44,171
135.0,45.0,44,171
130.0,45.0,44,171
125.0,44.0,44,171
120.0,44.0,44,171
115.0,44.0,44,171
111.0,43.0,44,171
106.0,43.0,44,171
101.0,42.0,44,171
96.0,42.0,44,171
91.0,42.0,44,171
85.0,41.0,44,171
78.0,41.0,44,171
71.0,40.0,44,171
65.0,40.0,44,171
56.0,39.0,44,171
51.0,38.0,44,171
43.0,38.0,44,171
35.0,39.0,44,171
26.0,38.0,44,171
16.0,37.0,44,171
9.0,38.0,44,171
3.0,37.0,44,171
0,37.0,44,171
0,36.0,44,171
0,36.0,44,171
0,34.0,44,171
0,34.0,44,171
0,26.0,44,171
0,29.0,44,171
0,0,44,171
0,0,44,171
0,24.0,44,171
0,22.0,44,171
0,23.0,44,171
0,22.0,44,171
0,20.0,44,171
0,19.0,44,171
0,19.0,44,171
0,16.0,44,171
0,17.0,44,171
0,17.0,44,171
0,17.0,44,171
0,17.0,44,171
0,17.0,44,171
0,18.0,44,171
0,18.0,44,171
0,16.0,44,171
0,17.0,44,171
0,18.0,44,171
0,17.0,44,171
0,17.0,44,171
0,18.0,44,171
0,21.0,44,171
0,23.0,44,171
0,22.0,44,171
0,23.0,44,171
0,23.0,44,171
0,24.0,44,171
0,26.0,44,171
0,23.0,44,171
0,25.0,44,171
0,27.0,44,171
0,27.0,44,171
0,29.0,44,171
0,30.0,44,171
0,32.0,44,171
0,31.0,44,171
0,34.0,44,171
0,33.0,44,171
0,31.0,44,171
0,35.0,44,171
0,37.0,44,171
0,37.0,44,171
0,0,44,171
0,0,44,171
0,0,44,171
0,34.0,44,171
0,63.0,44,171
0,64.0,44,171
0,64.0,44,171
0,64.0,44,171
0,64.0,44,171
0,65.0,44,171
0,69.0,44,171
0,69.0,44,171
0,71.0,44,171
0,68.0,44,171
0,70.0,44,171
0,71.0,44,171
0,72.0,44,171
0,73.0,44,171
0,74.0,44,171
0,76.0,44,171
0,77.0,44,171
0,78.0,44,171
0,79.0,44,171
0,79.0,44,171
0,80.0,44,171
0,81.0,44,171
0,81.0,44,171
0,82.0,44,171
0,84.0,44,171
0,86.0,44,171
0,87.0,44,171
0,88.0,44,171
0,90.0,44,171
0,91.0,44,171
0,92.0,44,171
0,94.0,44,171
0,94.0,44,171
0,96.0,44,171
0,96.0,44,171
0,97.0,44,171
0,99.0,44,171
0,99.0,44,171
0,100.0,44,171
0,101.0,44,171
0,103.0,44,171
0,105.0,44,171
0,107.0,44,171
0,109.0,44,171
0,110.0,44,171
0,112.0,44,171
0,115.0,44,171
0,116.0,44,171
0,119.0,44,171
0,121.0,44,171
0,121.0,44,171
0,122.0,44,171
0,123.0,44,171
0,124.0,44,171
0,125.0,44,171
0,126.0,44,171
0,127.0,44,171
0,128.0,44,171
0,129.0,44,171
0,129.0,44,171
0,130.0,44,171
0,131.0,44,171
0,132.0,44,171
0,132.0,44,171
0,133.0,44,171
0,133.0,44,171
0,134.0,44,171
0,135.0,44,171
0,135.0,44,171
0,136.0,44,171
0,136.0,44,171
0,137.0,44,171
0,136.0,44,171
0,136.0,44,171
0,136.0,44,171
0,136.0,44,171
0,135.0,44,171
0,134.0,44,171
0,134.0,44,171
0,133.0,44,171
0,132.0,44,171
0,131.0,44,171
0,130.0,44,171
0,129.0,44,171
0,129.0,44,171
0,129.0,44,171
0,128.0,44,171
0,126.0,44,171
0,125.0,44,171
0,125.0,44,171
0,124.0,44,171
0,124.0,44,171
0,124.0,44,171
0,125.0,44,171
0,125.0,44,171
0,125.0,44,171
0,125.0,44,171
0,125.0,44,171
0,125.0,44,171
0,125.0,44,171
0,124.0,44,171
0,124.0,44,171
0,124.0,44,171
0,123.0,44,171
0,123.0,44,171
0,122.0,44,171
0,123.0,44,171
0,122.0,44,171
0,123.0,44,171
0,122.0,44,171
0,123.0,44,171
0,123.0,44,171
0,122.0,44,171
0,123.0,44,171
0,122.0,44,171
0,123.0,44,171
0,123.0,44,171
0,122.0,44,171
0,122.0,44,171
0,122.0,44,171
0,121.0,44,171
0,120.0,44,171
0,120.0,44,171
0,121.0,44,171
0,120.0,44,171
0,121.0,44,171
0,120.0,44,171
0,120.0,44,171
0,119.0,44,171
0,119.0,44,171
0,118.0,44,171
0,117.0,44,171
0,117.0,44,171
0,117.0,44,171
0,116.0,44,171
0,116.0,44,171
0,117.0,44,171
0,117.0,44,171
0,116.0,44,171
0,115.0,44,171
0,115.0,44,171
0,113.0,44,171
0,112.0,44,171
0,112.0,44,171
0,110.0,44,171
0,109.0,44,171
0,107.0,44,171
0,106.0,44,171
0,105.0,44,171
0,105.0,44,171
0,105.0,44,171
0,104.0,44,171
0,104.0,44,171
0,104.0,44,171
0,104.0,44,171
0,105.0,44,171
0,104.0,44,171
0,104.0,44,171
0,104.0,44,171
0,104.0,44,171
0,104.0,44,171
0,104.0,44,171
0,104.0,44,171
0,104.0,44,171
0,104.0,44,171
0,104.0,44,171
0,104.0,44,171
0,104.0,44,171
0,105.0,44,171
0,105.0,44,171
0,106.0,44,171
0,106.0,44,171
0,106.0,44,171
0,106.0,44,171
0,107.0,44,171
0,107.0,44,171
0,108.0,44,171
0,108.0,44,171
0,108.0,44,171
0,109.0,44,171
0,110.0,44,171
0,111.0,44,171
0,111.0,44,171
0,112.0,44,171
0,112.0,44,171
0,112.0,44,171
0,113.0,44,171
0,113.0,44,171
0,114.0,44,171
0,115.0,44,171
0,116.0,44,171
0,118.0,44,171
0,119.0,44,171
0,121.0,44,171
0,122.0,44,171
0,124.0,44,171
0,126.0,44,171
0,128.0,44,171
0,130.0,44,171
0,133.0,44,171
0,136.0,44,171
0,141.0,44,171
0,143.0,44,171
0,147.0,44,171
0,150.0,44,171
0,153.0,44,171
0,155.0,44,171
0,157.0,44,171
0,159.0,44,171
1.0,161.0,44,171
3.0,163.0,44,171
5.0,164.0,44,171
6.0,165.0,44,171
6.0,166.0,44,171
6.0,167.0,44,171
7.0,168.0,44,171
9.0,169.0,44,171
11.0,170.0,44,171
13.0,171.0,44,171
16.0,172.0,44,171
18.0,172.0,44,171
21.0,173.0,44,171
23.0,174.0,44,171
24.0,175.0,44,171
26.0,176.0,44,171
27.0,177.0,44,171
28.0,178.0,44,171
30.0,178.0,44,171
31.0,179.0,44,171
32.0,178.0,44,171
33.0,177.0,44,171
34.0,177.0,44,171
36.0,175.0,44,171
37.0,174.0,44,171
39.0,173.0,44,171
41.0,173.0,44,171
43.0,172.0,44,171
45.0,171.0,44,171
47.0,170.0,44,171
49.0,170.0,44,171
50.0,169.0,44,171
51.0,169.0,44,171
52.0,169.0,44,171
53.0,169.0,44,171
54.0,169.0,44,171
55.0,169.0,44,171
56.0,170.0,44,171
56.0,169.0,44,171
56.0,169.0,44,171
57.0,169.0,44,171
56.0,169.0,44,171
56.0,170.0,44,171
56.0,170.0,44,171
55.0,170.0,44,171
55.0,170.0,44,171
54.0,171.0,44,171
53.0,171.0,44,171
53.0,171.0,44,171
52.0,170.0,44,171
51.0,170.0,44,171
50.0,170.0,44,171
49.0,169.0,44,171
46.0,169.0,44,171
44.0,168.0,44,171
42.0,168.0,44,171
40.0,168.0,44,171
38.0,168.0,44,171
37.0,168.0,44,171
35.0,168.0,44,171
34.0,169.0,44,171
32.0,169.0,44,171
30.0,170.0,44,171
28.0,171.0,44,171
26.0,171.0,44,171
24.0,173.0,44,171
22.0,173.0,44,171
19.0,174.0,44,171
17.0,175.0,44,171
16.0,175.0,44,171
15.0,175.0,44,171
14.0,175.0,44,171
14.0,175.0,44,171
14.0,175.0,44,171
15.0,176.0,44,171
15.0,176.0,44,171
16.0,176.0,44,171
16.0,176.0,44,171
16.0,176.0,44,171
16.0,175.0,44,171
15.0,175.0,44,171
14.0,175.0,44,171
12.0,175.0,44,171
11.0,175.0,44,171
10.0,175.0,44,171
8.0,175.0,44,171
7.0,175.0,44,171
5.0,174.0,44,171
5.0,174.0,44,171
3.0,173.0,44,171
3.0,172.0,44,171
1.0,171.0,44,171
0.0,171.0,44,171
0,169.0,44,171
0,168.0,44,171
0,167.0,44,171
0,165.0,44,171
0,164.0,44,171
0,162.0,44,171
0,161.0,44,171
0,160.0,44,171
0,158.0,44,171
0,155.0,44,171
0,153.0,44,171
0,152.0,44,171
0,150.0,44,171
0,149.0,44,171
0,148.0,44,171
0,147.0,44,171
0,147.0,44,171
4.0,146.0,44,171
7.0,147.0,44,171
5.0,147.0,44,171
2.0,147.0,44,171
0,147.0,44,171
0,147.0,44,171
0,148.0,44,171
0,148.0,44,171
0,148.0,44,171
0,149.0,44,171
0,149.0,44,171
0,151.0,44,171
0.0,151.0,44,171
4.0,152.0,44,171
6.0,153.0,44,171
8.0,153.0,44,171
8.0,154.0,44,171
9.0,154.0,44,171
9.0,153.0,44,171
10.0,152.0,44,171
11.0,152.0,44,171
11.0,152.0,44,171
12.0,153.0,44,171
13.0,153.0,44,171
13.0,153.0,44,171
14.0,153.0,44,171
15.0,153.0,44,171
15.0,153.0,44,171
15.0,154.0,44,171
15.0,153.0,44,171
16.0,153.0,44,171
16.0,153.0,44,171
16.0,153.0,44,171
17.0,153.0,44,171
17.0,153.0,44,171
19.0,154.0,44,171
19.0,154.0,44,171
20.0,154.0,44,171
21.0,154.0,44,171
21.0,154.0,44,171
21.0,154.0,44,171
21.0,153.0,44,171
21.0,153.0,44,171
21.0,153.0,44,171
22.0,153.0,44,171
22.0,152.0,44,171
23.0,151.0,44,171
23.0,151.0,44,171
24.0,151.0,44,171
25.0,151.0,44,171
25.0,151.0,44,171
26.0,150.0,44,171
27.0,149.0,44,171
28.0,148.0,44,171
28.0,147.0,44,171
29.0,146.0,44,171
30.0,145.0,44,171
30.0,144.0,44,171
31.0,143.0,44,171
32.0,142.0,44,171
32.0,142.0,44,171
34.0,141.0,44,171
34.0,140.0,44,171
35.0,140.0,44,171
36.0,139.0,44,171
36.0,139.0,44,171
38.0,138.0,44,171
39.0,138.0,44,171
40.0,138.0,44,171
42.0,138.0,44,171
42.0,138.0,44,171
44.0,138.0,44,171
44.0,137.0,44,171
44.0,137.0,44,171
45.0,136.0,44,171
45.0,136.0,44,171
46.0,136.0,44,171
46.0,136.0,44,171
46.0,136.0,44,171
47.0,136.0,44,171
48.0,137.0,44,171
48.0,137.0,44,171
49.0,137.0,44,171
49.0,137.0,44,171
50.0,137.0,44,171
51.0,138.0,44,171
52.0,139.0,44,171
53.0,139.0,44,171
53.0,140.0,44,171
54.0,141.0,44,171
55.0,142.0,44,171
56.0,142.0,44,171
56.0,143.0,44,171
58.0,144.0,44,171
59.0,144.0,44,171
60.0,145.0,44,171
62.0,145.0,44,171
63.0,146.0,44,171
65.0,146.0,44,171
67.0,146.0,44,171
68.0,146.0,44,171
71.0,147.0,44,171
73.0,147.0,44,171
74.0,147.0,44,171
76.0,147.0,44,171
78.0,147.0,44,171
80.0,148.0,44,171
81.0,148.0,44,171
83.0,148.0,44,171
84.0,148.0,44,171
86.0,148.0,44,171
86.0,147.0,44,171
88.0,147.0,44,171
88.0,147.0,44,171
90.0,146.0,44,171
90.0,146.0,44,171
91.0,147.0,44,171
93.0,146.0,44,171
93.0,146.0,44,171
95.0,146.0,44,171
96.0,145.0,44,171
97.0,146.0,44,171
100.0,145.0,44,171
101.0,146.0,44,171
103.0,145.0,44,171
105.0,145.0,44,171
107.0,146.0,44,171
109.0,145.0,44,171
109.0,144.0,44,171
110.0,144.0,44,171
112.0,144.0,44,171
113.0,144.0,44,171
113.0,144.0,44,171
114.0,144.0,44,171
115.0,144.0,44,171
115.0,145.0,44,171
116.0,145.0,44,171
117.0,144.0,44,171
117.0,144.0,44,171
117.0,144.0,44,171
118.0,144.0,44,171
118.0,144.0,44,171
118.0,144.0,44,171
118.0,145.0,44,171
117.0,145.0,44,171
117.0,145.0,44,171
116.0,145.0,44,171
116.0,145.0,44,171
115.0,145.0,44,171
114.0,146.0,44,171
112.0,146.0,44,171
112.0,146.0,44,171
110.0,146.0,44,171
109.0,147.0,44,171
107.0,146.0,44,171
106.0,146.0,44,171
105.0,146.0,44,171
103.0,145.0,44,171
102.0,146.0,44,171
102.0,146.0,44,171
101.0,146.0,44,171
101.0,146.0,44,171
100.0,146.0,44,171
100.0,146.0,44,171
99.0,146.0,44,171
99.0,146.0,44,171
99.0,146.0,44,171
99.0,145.0,44,171
99.0,146.0,44,171
99.0,146.0,44,171
100.0,147.0,44,171
100.0,147.0,44,171
100.0,147.0,44,171
100.0,147.0,44,171
100.0,147.0,44,171
100.0,147.0,44,171
100.0,148.0,44,171
100.0,147.0,44,171
100.0,148.0,44,171
99.0,148.0,44,171
99.0,148.0,44,171
97.0,149.0,44,171
97.0,148.0,44,171
96.0,148.0,44,171
94.0,148.0,44,171
92.0,147.0,44,171
90.0,148.0,44,171
89.0,149.0,44,171
87.0,149.0,44,171
84.0,150.0,44,171
81.0,150.0,44,171
78.0,151.0,44,171
75.0,151.0,44,171
72.0,151.0,44,171
69.0,152.0,44,171
66.0,153.0,44,171
63.0,153.0,44,171
61.0,154.0,44,171
58.0,156.0,44,171
56.0,157.0,44,171
54.0,159.0,44,171
51.0,161.0,44,171
50.0,163.0,44,171
49.0,165.0,44,171
47.0,168.0,44,171
45.0,169.0,44,171
43.0,171.0,44,171
41.0,173.0,44,171
39.0,173.0,44,171
37.0,175.0,44,171
35.0,175.0,44,171
34.0,177.0,44,171
32.0,178.0,44,171
30.0,180.0,44,171
28.0,181.0,44,171
26.0,182.0,44,171
25.0,183.0,44,171
24.0,185.0,44,171
23.0,186.0,44,171
22.0,186.0,44,171
21.0,187.0,44,171
21.0,187.0,44,171
21.0,188.0,44,171
21.0,189.0,44,171
21.0,190.0,44,171
22.0,190.0,44,171
23.0,190.0,44,171
23.0,191.0,44,171
23.0,192.0,44,171
22.0,192.0,44,171
21.0,193.0,44,171
21.0,193.0,44,171
20.0,194.0,44,171
19.0,195.0,44,171
18.0,197.0,44,171
16.0,199.0,44,171
14.0,201.0,44,171
12.0,203.0,44,171
11.0,205.0,44,171
9.0,207.0,44,171
7.0,210.0,44,171
5.0,211.0,44,171
4.0,214.0,44,171
3.0,215.0,44,171
1.0,217.0,44,171
0,217.0,44,171
0,218.0,44,171
0,218.0,44,171
0,219.0,44,171
0,220.0,44,171
0,203.0,44,171
0,221.0,44,171
0,220.0,44,171
0,221.0,44,171
0,222.0,44,171
0,222.0,44,171
0,224.0,44,171
0,225.0,44,171
0,225.0,44,171
0,224.0,44,171
0,223.0,44,171
0,223.0,44,171
0,226.0,44,171
0,213.0,44,171
0,225.0,44,171
0,226.0,44,171
0,226.0,44,171
0,228.0,44,171
0,208.0,44,171
0,210.0,44,171
0,211.0,44,171
0,213.0,44,171
0,215.0,44,171
0,218.0,44,171
0,220.0,44,171
0,222.0,44,171
0,224.0,44,171
0,227.0,44,171
0,230.0,44,171
0,233.0,44,171
0,235.0,44,171
0,236.0,44,171
0,235.0,44,171
0,238.0,44,171
0,235.0,44,171
0,213.0,44,171
0,221.0,44,171
0,221.0,44,171
0,221.0,44,171
0,223.0,44,171
0,221.0,44,171
0,220.0,44,171
0,225.0,44,171
0,221.0,44,171
0,222.0,44,171
0,223.0,44,171
0,225.0,44,171
0,230.0,44,171
0,227.0,44,171
0,228.0,44,171
0,203.0,44,171
0.0,188.0,44,171
15.0,173.0,44,171
2.0,227.0,44,171
0,230.0,44,171
0,232.0,44,171
0,233.0,44,171
0,232.0,44,171
0,231.0,44,171
0,231.0,44,171
0,231.0,44,171
0,231.0,44,171
0,234.0,44,171
0,239.0,44,171
0,236.0,44,171
0,237.0,44,171
0,182.0,44,171
0,185.0,44,171
0,183.0,44,171
0,182.0,44,171
0,180.0,44,171
0,180.0,44,171
0,183.0,44,171
0,184.0,44,171
0,185.0,44,171
0,187.0,44,171
0,188.0,44,171
0,188.0,44,171
0,186.0,44,171
0,186.0,44,171
0,188.0,44,171
0,189.0,44,171
0,191.0,44,171
0,193.0,44,171
0,195.0,44,171
0,196.0,44,171
0,197.0,44,171
0,198.0,44,171
0,196.0,44,171
0,197.0,44,171
0,196.0,44,171
0,198.0,44,171
0,199.0,44,171
0,200.0,44,171
0,201.0,44,171
0,201.0,44,171
0,198.0,44,171
0,195.0,44,171
0,191.0,44,171
0,188.0,44,171
0,184.0,44,171
0,184.0,44,171
0,186.0,44,171
1.0,188.0,44,171
3.0,191.0,44,171
5.0,193.0,44,171
4.0,195.0,44,171
5.0,197.0,44,171
7.0,200.0,44,171
9.0,203.0,44,171
9.0,205.0,44,171
10.0,205.0,44,171
10.0,206.0,44,171
12.0,207.0,44,171
13.0,208.0,44,171
14.0,209.0,44,171
16.0,209.0,44,171
18.0,210.0,44,171
20.0,209.0,44,171
22.0,209.0,44,171
24.0,209.0,44,171
26.0,209.0,44,171
28.0,209.0,44,171
29.0,209.0,44,171
31.0,209.0,44,171
32.0,209.0,44,171
33.0,209.0,44,171
34.0,209.0,44,171
34.0,210.0,44,171
35.0,212.0,44,171
36.0,212.0,44,171
36.0,213.0,44,171
37.0,212.0,44,171
38.0,212.0,44,171
41.0,211.0,44,171
42.0,211.0,44,171
43.0,212.0,44,171
45.0,211.0,44,171
45.0,211.0,44,171
47.0,211.0,44,171
47.0,211.0,44,171
48.0,211.0,44,171
49.0,210.0,44,171
49.0,211.0,44,171
50.0,211.0,44,171
49.0,210.0,44,171
48.0,210.0,44,171
47.0,208.0,44,171
47.0,208.0,44,171
45.0,206.0,44,171
44.0,204.0,44,171
41.0,202.0,44,171
39.0,199.0,44,171
37.0,196.0,44,171
36.0,194.0,44,171
35.0,191.0,44,171
34.0,189.0,44,171
34.0,187.0,44,171
35.0,185.0,44,171
37.0,182.0,44,171
38.0,180.0,44,171
39.0,177.0,44,171
41.0,175.0,44,171
42.0,174.0,44,171
43.0,173.0,44,171
44.0,171.0,44,171
45.0,170.0,44,171
46.0,170.0,44,171
47.0,168.0,44,171
47.0,167.0,44,171
47.0,166.0,44,171
46.0,165.0,44,171
46.0,165.0,44,171
46.0,164.0,44,171
45.0,163.0,44,171
44.0,164.0,44,171
44.0,162.0,44,171
43.0,161.0,44,171
43.0,160.0,44,171
43.0,159.0,44,171
43.0,159.0,44,171
44.0,159.0,44,171
44.0,160.0,44,171
45.0,160.0,44,171
46.0,159.0,44,171
46.0,159.0,44,171
48.0,159.0,44,171
50.0,160.0,44,171
51.0,161.0,44,171
52.0,161.0,44,171
52.0,163.0,44,171
52.0,164.0,44,171
53.0,165.0,44,171
53.0,167.0,44,171
54.0,168.0,44,171
54.0,168.0,44,171
54.0,169.0,44,171
55.0,170.0,44,171
55.0,171.0,44,171
55.0,174.0,44,171
56.0,176.0,44,171
56.0,178.0,44,171
56.0,182.0,44,171
55.0,184.0,44,171
54.0,187.0,44,171
54.0,189.0,44,171
52.0,191.0,44,171
50.0,193.0,44,171
49.0,195.0,44,171
47.0,198.0,44,171
47.0,200.0,44,171
47.0,202.0,44,171
47.0,205.0,44,171
47.0,208.0,44,171
45.0,210.0,44,171
44.0,210.0,44,171
44.0,210.0,44,171
44.0,210.0,44,171
45.0,211.0,44,171
45.0,212.0,44,171
46.0,212.0,44,171
45.0,212.0,44,171
46.0,212.0,44,171
48.0,211.0,44,171
48.0,213.0,44,171
49.0,211.0,44,171
48.0,212.0,44,171
48.0,211.0,44,171
49.0,211.0,44,171
48.0,211.0,44,171
49.0,212.0,44,171
51.0,213.0,44,171
50.0,214.0,44,171
50.0,213.0,44,171
50.0,212.0,44,171
50.0,213.0,44,171
52.0,212.0,44,171
51.0,211.0,44,171
52.0,211.0,44,171
52.0,210.0,44,171
50.0,211.0,44,171
51.0,210.0,44,171
52.0,211.0,44,171
52.0,211.0,44,171
51.0,210.0,44,171
51.0,209.0,44,171
51.0,209.0,44,171
51.0,210.0,44,171
51.0,210.0,44,171
50.0,210.0,44,171
50.0,209.0,44,171
50.0,209.0,44,171
50.0,208.0,44,171
50.0,207.0,44,171
49.0,208.0,44,171
50.0,207.0,44,171
50.0,207.0,44,171
50.0,207.0,44,171
51.0,206.0,44,171
50.0,206.0,44,171
51.0,206.0,44,171
52.0,206.0,44,171
52.0,206.0,44,171
52.0,205.0,44,171
52.0,205.0,44,171
53.0,205.0,44,171
53.0,206.0,44,171
53.0,206.0,44,171
54.0,207.0,44,171
55.0,207.0,44,171
55.0,208.0,44,171
56.0,208.0,44,171
56.0,203.0,44,171
56.0,208.0,44,171
56.0,203.0,44,171
55.0,203.0,44,171
56.0,203.0,44,171
56.0,207.0,44,171
55.0,208.0,44,171
55.0,208.0,44,171
55.0,207.0,44,171
54.0,208.0,44,171
54.0,208.0,44,171
53.0,209.0,44,171
54.0,209.0,44,171
53.0,209.0,44,171
51.0,210.0,44,171
51.0,209.0,44,171
50.0,209.0,44,171
50.0,208.0,44,171
49.0,208.0,44,171
48.0,208.0,44,171
47.0,207.0,44,171
46.0,207.0,44,171
46.0,207.0,44,171
46.0,207.0,44,171
46.0,208.0,44,171
45.0,206.0,44,171
45.0,206.0,44,171
45.0,206.0,44,171
43.0,205.0,44,171
44.0,204.0,44,171
43.0,203.0,44,171
42.0,204.0,44,171
43.0,202.0,44,171
42.0,201.0,44,171
43.0,200.0,44,171
43.0,198.0,44,171
43.0,198.0,44,171
43.0,196.0,44,171
42.0,194.0,44,171
42.0,194.0,44,171
42.0,192.0,44,171
40.0,192.0,44,171
40.0,190.0,44,171
40.0,190.0,44,171
40.0,190.0,44,171
40.0,188.0,44,171
39.0,188.0,44,171
40.0,187.0,44,171
39.0,187.0,44,171
40.0,186.0,44,171
39.0,185.0,44,171
38.0,185.0,44,171
37.0,185.0,44,171
36.0,186.0,44,171
35.0,187.0,44,171
34.0,187.0,44,171
34.0,187.0,44,171
33.0,188.0,44,171
32.0,187.0,44,171
32.0,187.0,44,171
32.0,186.0,44,171
33.0,186.0,44,171
34.0,186.0,44,171
35.0,187.0,44,171
36.0,189.0,44,171
38.0,190.0,44,171
40.0,190.0,44,171
43.0,192.0,44,171
45.0,193.0,44,171
48.0,194.0,44,171
50.0,196.0,44,171
53.0,197.0,44,171
54.0,199.0,44,171
56.0,200.0,44,171
58.0,203.0,44,171
59.0,205.0,44,171
61.0,207.0,44,171
63.0,208.0,44,171
65.0,210.0,44,171
67.0,210.0,44,171
69.0,212.0,44,171
73.0,213.0,44,171
76.0,213.0,44,171
79.0,214.0,44,171
82.0,215.0,44,171
86.0,216.0,44,171
89.0,217.0,44,171
93.0,217.0,44,171
96.0,218.0,44,171
99.0,218.0,44,171
100.0,218.0,44,171
102.0,219.0,44,171
104.0,219.0,44,171
105.0,220.0,44,171
106.0,219.0,44,171
106.0,220.0,44,171
107.0,220.0,44,171
107.0,219.0,44,171
107.0,219.0,44,171
107.0,219.0,44,171
106.0,220.0,44,171
107.0,221.0,44,171
108.0,221.0,44,171
109.0,222.0,44,171
109.0,222.0,44,171
109.0,221.0,44,171
111.0,220.0,44,171
112.0,220.0,44,171
113.0,219.0,44,171
114.0,218.0,44,171
115.0,216.0,44,171
116.0,215.0,44,171
118.0,214.0,44,171
118.0,212.0,44,171
119.0,210.0,44,171
119.0,208.0,44,171
120.0,206.0,44,171
121.0,202.0,44,171
122.0,200.0,44,171
123.0,197.0,44,171
124.0,194.0,44,171
125.0,193.0,44,171
125.0,191.0,44,171
126.0,189.0,44,171
127.0,187.0,44,171
127.0,184.0,44,171
127.0,180.0,44,171
127.0,177.0,44,171
127.0,175.0,44,171
127.0,174.0,44,171
128.0,173.0,44,171
130.0,172.0,44,171
130.0,171.0,44,171
131.0,170.0,44,171
131.0,167.0,44,171
131.0,165.0,44,171
132.0,163.0,44,171
133.0,162.0,44,171
133.0,162.0,44,171
134.0,161.0,44,171
134.0,160.0,44,171
134.0,160.0,44,171
136.0,160.0,44,171
136.0,159.0,44,171
137.0,158.0,44,171
139.0,157.0,44,171
139.0,156.0,44,171
138.0,156.0,44,171
138.0,155.0,44,171
137.0,155.0,44,171
137.0,154.0,44,171
137.0,153.0,44,171
136.0,153.0,44,171
137.0,152.0,44,171
137.0,153.0,44,171
137.0,153.0,44,171
138.0,153.0,44,171
138.0,155.0,44,171
140.0,156.0,44,171
140.0,158.0,44,171
141.0,158.0,44,171
141.0,159.0,44,171
141.0,160.0,44,171
142.0,162.0,44,171
144.0,163.0,44,171
145.0,165.0,44,171
145.0,167.0,44,171
146.0,168.0,44,171
146.0,170.0,44,171
147.0,172.0,44,171
148.0,173.0,44,171
149.0,174.0,44,171
150.0,174.0,44,171
151.0,174.0,44,171
153.0,176.0,44,171
154.0,178.0,44,171
155.0,180.0,44,171
155.0,181.0,44,171
155.0,182.0,44,171
156.0,183.0,44,171
156.0,184.0,44,171
156.0,184.0,44,171
156.0,185.0,44,171
157.0,185.0,44,171
158.0,186.0,44,171
160.0,186.0,44,171
160.0,188.0,44,171
162.0,188.0,44,171
163.0,189.0,44,171
164.0,189.0,44,171
165.0,188.0,44,171
165.0,187.0,44,171
165.0,188.0,44,171
165.0,188.0,44,171
166.0,189.0,44,171
166.0,190.0,44,171
167.0,191.0,44,171
167.0,192.0,44,171
167.0,193.0,44,171
168.0,193.0,44,171
168.0,194.0,44,171
168.0,194.0,44,171
169.0,194.0,44,171
171.0,194.0,44,171
172.0,195.0,44,171
172.0,197.0,44,171
174.0,197.0,44,171
174.0,199.0,44,171
175.0,199.0,44,171
176.0,199.0,44,171
176.0,199.0,44,171
177.0,199.0,44,171
177.0,199.0,44,171
177.0,200.0,44,171
177.0,200.0,44,171
177.0,201.0,44,171
176.0,202.0,44,171
176.0,201.0,44,171
176.0,201.0,44,171
175.0,200.0,44,171
175.0,200.0,44,171
175.0,199.0,44,171
175.0,200.0,44,171
175.0,200.0,44,171
175.0,200.0,44,171
175.0,200.0,44,171
176.0,199.0,44,171
175.0,199.0,44,171
176.0,199.0,44,171
176.0,198.0,44,171
177.0,199.0,44,171
177.0,199.0,44,171
177.0,199.0,44,171
178.0,199.0,44,171
177.0,200.0,44,171
178.0,200.0,44,171
178.0,200.0,44,171
178.0,201.0,44,171
179.0,201.0,44,171
179.0,202.0,44,171
180.0,202.0,44,171
180.0,202.0,44,171
180.0,203.0,44,171
181.0,202.0,44,171
181.0,202.0,44,171
181.0,202.0,44,171
181.0,203.0,44,171
181.0,202.0,44,171