198,249,95,325
196.0,244.0,96,326
194.0,244.0,96,326
194.0,244.0,96,326
194.0,246.0,96,326
196.0,246.0,96,326
198.0,248.0,96,326
202.0,250.0,96,326
204.0,250.0,96,326
206.0,250.0,96,326
208.0,248.0,96,326
212.0,248.0,96,326
214.0,250.0,96,326
216.0,254.0,96,326
216.0,258.0,96,326
218.0,258.0,96,326
218.0,258.0,96,326
222.0,254.0,96,326
226.0,252.0,96,326
226.0,248.0,96,326
224.0,242.0,96,326
218.0,236.0,96,326
218.0,232.0,96,326
214.0,230.0,96,326
210.0,228.0,96,326
206.0,224.0,96,326
206.0,220.0,96,326
206.0,214.0,96,326
210.0,214.0,96,326
216.0,220.0,96,326
218.0,230.0,96,326
216.0,238.0,96,326
214.0,240.0,96,326
216.0,240.0,96,326
216.0,242.0,96,326
216.0,244.0,96,326
216.0,246.0,96,326
216.0,244.0,96,326
214.0,238.0,96,326
214.0,232.0,96,326
214.0,228.0,96,326
216.0,224.0,96,326
216.0,216.0,96,326
216.0,208.0,96,326
222.0,204.0,96,326
228.0,206.0,96,326
234.0,206.0,96,326
236.0,200.0,96,326
242.0,202.0,96,326
248.0,210.0,96,326
250.0,214.0,96,326
250.0,214.0,96,326
248.0,212.0,96,326
250.0,210.0,96,326
256.0,210.0,96,326
258.0,210.0,96,326
256.0,210.0,96,326
254.0,212.0,96,326
254.0,216.0,96,326
240.0,210.0,96,326
224.0,196.0,96,326
212.0,180.0,96,326
206.0,166.0,96,326
200.0,156.0,96,326
198.0,156.0,96,326
198.0,166.0,96,326
198.0,170.0,96,326
196.0,174.0,96,326
196.0,176.0,96,326
200.0,180.0,96,326
204.0,184.0,96,326
210.0,184.0,96,326
218.0,182.0,96,326
220.0,186.0,96,326
224.0,206.0,96,326
226.0,216.0,96,326
224.0,218.0,96,326
224.0,214.0,96,326
224.0,208.0,96,326
222.0,196.0,96,326
222.0,188.0,96,326
224.0,184.0,96,326
226.0,180.0,96,326
230.0,176.0,96,326
232.0,178.0,96,326
240.0,184.0,96,326
250.0,194.0,96,326
260.0,204.0,96,326
276.0,212.0,96,326
288.0,216.0,96,326
308.0,218.0,96,326
328.0,218.0,96,326
344.0,216.0,96,326
358.0,216.0,96,326
372.0,210.0,96,326
380.0,204.0,96,326
380.0,194.0,96,326
380.0,184.0,96,326
384.0,176.0,96,326
382.0,172.0,96,326
388.0,170.0,96,326
394.0,172.0,96,326
394.0,168.0,96,326
396.0,164.0,96,326
404.0,168.0,96,326
414.0,174.0,96,326
418.0,180.0,96,326
422.0,190.0,96,326
378.0,192.0,96,326
378.0,192.0,96,326
378.0,192.0,96,326
362.0,176.0,96,326
370.0,184.0,96,326
394.0,214.0,96,326
350.0,214.0,96,326
364.0,204.0,96,326
370.0,196.0,96,326
372.0,184.0,96,326
368.0,180.0,96,326
366.0,182.0,96,326
362.0,192.0,96,326
358.0,202.0,96,326
354.0,212.0,96,326
348.0,216.0,96,326
340.0,220.0,96,326
336.0,228.0,96,326
334.0,236.0,96,326
330.0,242.0,96,326
328.0,250.0,96,326
324.0,258.0,96,326
322.0,264.0,96,326
320.0,264.0,96,326
322.0,260.0,96,326
326.0,258.0,96,326
322.0,256.0,96,326
320.0,252.0,96,326
322.0,246.0,96,326
320.0,238.0,96,326
318.0,228.0,96,326
316.0,222.0,96,326
314.0,214.0,96,326
312.0,208.0,96,326
316.0,204.0,96,326
320.0,204.0,96,326
324.0,208.0,96,326
326.0,216.0,96,326
330.0,220.0,96,326
332.0,224.0,96,326
336.0,226.0,96,326
338.0,226.0,96,326
342.0,228.0,96,326
346.0,230.0,96,326
348.0,232.0,96,326
352.0,230.0,96,326
354.0,226.0,96,326
352.0,222.0,96,326
350.0,184.0,96,326
346.0,168.0,96,326
342.0,162.0,96,326
338.0,198.0,96,326
340.0,162.0,96,326
346.0,162.0,96,326
350.0,106.0,96,326
350.0,106.0,96,326
350.0,106.0,96,326
346.0,100.0,96,326
348.0,102.0,96,326
350.0,110.0,96,326
352.0,118.0,96,326
354.0,126.0,96,326
356.0,132.0,96,326
360.0,136.0,96,326
362.0,138.0,96,326
366.0,142.0,96,326
370.0,144.0,96,326
354.0,146.0,96,326
362.0,144.0,96,326
348.0,142.0,96,326
372.0,142.0,96,326
334.0,142.0,96,326
354.0,138.0,96,326
348.0,132.0,96,326
362.0,126.0,96,326
372.0,122.0,96,326
374.0,120.0,96,326
354.0,118.0,96,326
370.0,118.0,96,326
354.0,114.0,96,326
354.0,116.0,96,326
378.0,122.0,96,326
382.0,128.0,96,326
386.0,134.0,96,326
386.0,138.0,96,326
386.0,140.0,96,326
386.0,142.0,96,326
386.0,144.0,96,326
386.0,146.0,96,326
354.0,150.0,96,326
354.0,150.0,96,326
354.0,152.0,96,326
364.0,154.0,96,326
364.0,152.0,96,326
364.0,150.0,96,326
362.0,144.0,96,326
364.0,138.0,96,326
308.0,122.0,96,326
328.0,134.0,96,326
308.0,122.0,96,326
358.0,320.0,96,326
364.0,318.0,96,326
368.0,318.0,96,326
376.0,320.0,96,326
386.0,322.0,96,326
392.0,324.0,96,326
396.0,324.0,96,326
402.0,326.0,96,326
406.0,330.0,96,326
414.0,336.0,96,326
416.0,340.0,96,326
422.0,342.0,96,326
298.0,112.0,96,326
360.0,170.0,96,326
372.0,318.0,96,326
422.0,340.0,96,326
328.0,142.0,96,326
392.0,318.0,96,326
400.0,312.0,96,326
406.0,308.0,96,326
410.0,306.0,96,326
414.0,302.0,96,326
418.0,296.0,96,326
422.0,290.0,96,326
430.0,286.0,96,326
244.0,288.0,96,326
288.0,112.0,96,326
292.0,192.0,96,326
332.0,214.0,96,326
244.0,112.0,96,326
306.0,176.0,96,326
298.0,112.0,96,326
374.0,202.0,96,326
244.0,112.0,96,326
298.0,112.0,96,326
306.0,106.0,96,326
298.0,112.0,96,326
406.0,174.0,96,326
382.0,214.0,96,326
298.0,106.0,96,326
294.0,104.0,96,326
292.0,98.0,96,326
290.0,92.0,96,326
290.0,88.0,96,326
290.0,88.0,96,326
292.0,92.0,96,326
294.0,92.0,96,326
292.0,88.0,96,326
294.0,82.0,96,326
300.0,80.0,96,326
306.0,80.0,96,326
308.0,84.0,96,326
318.0,90.0,96,326
326.0,98.0,96,326
332.0,104.0,96,326
318.0,108.0,96,326
344.0,112.0,96,326
352.0,118.0,96,326
358.0,122.0,96,326
348.0,126.0,96,326
354.0,130.0,96,326
362.0,132.0,96,326
372.0,132.0,96,326
370.0,130.0,96,326
370.0,126.0,96,326
370.0,122.0,96,326
372.0,120.0,96,326
374.0,120.0,96,326
372.0,120.0,96,326
370.0,118.0,96,326
370.0,118.0,96,326
370.0,118.0,96,326
368.0,118.0,96,326
364.0,118.0,96,326
362.0,116.0,96,326
354.0,116.0,96,326
346.0,114.0,96,326
342.0,114.0,96,326
334.0,114.0,96,326
326.0,112.0,96,326
318.0,110.0,96,326
310.0,110.0,96,326
302.0,108.0,96,326
292.0,106.0,96,326
284.0,106.0,96,326
276.0,106.0,96,326
268.0,106.0,96,326
260.0,106.0,96,326
252.0,108.0,96,326
242.0,108.0,96,326
232.0,110.0,96,326
224.0,112.0,96,326
216.0,112.0,96,326
208.0,116.0,96,326
200.0,120.0,96,326
190.0,122.0,96,326
182.0,118.0,96,326
176.0,112.0,96,326
170.0,108.0,96,326
164.0,108.0,96,326
160.0,106.0,96,326
154.0,102.0,96,326
152.0,100.0,96,326
152.0,98.0,96,326
156.0,98.0,96,326
158.0,98.0,96,326
162.0,98.0,96,326
168.0,100.0,96,326
176.0,104.0,96,326
184.0,108.0,96,326
192.0,112.0,96,326
202.0,116.0,96,326
214.0,120.0,96,326
224.0,122.0,96,326
234.0,112.0,96,326
244.0,120.0,96,326
252.0,122.0,96,326
260.0,124.0,96,326
266.0,128.0,96,326
272.0,132.0,96,326
312.0,106.0,96,326
278.0,128.0,96,326
278.0,124.0,96,326
286.0,214.0,96,326
284.0,112.0,96,326
286.0,112.0,96,326
288.0,112.0,96,326
296.0,214.0,96,326
292.0,112.0,96,326
294.0,112.0,96,326
296.0,108.0,96,326
272.0,214.0,96,326
296.0,100.0,96,326
298.0,98.0,96,326
274.0,214.0,96,326
300.0,102.0,96,326
306.0,114.0,96,326
298.0,112.0,96,326
274.0,106.0,96,326
282.0,106.0,96,326
308.0,122.0,96,326
308.0,122.0,96,326
308.0,122.0,96,326
318.0,130.0,96,326
308.0,122.0,96,326
328.0,126.0,96,326
334.0,124.0,96,326
348.0,126.0,96,326
350.0,106.0,96,326
298.0,112.0,96,326
298.0,112.0,96,326
298.0,112.0,96,326
306.0,0,96,326
308.0,122.0,96,326
322.0,278.0,96,326
328.0,276.0,96,326
332.0,272.0,96,326
336.0,270.0,96,326
338.0,264.0,96,326
340.0,258.0,96,326
244.0,112.0,96,326
254.0,0,96,326
198.0,192.0,96,326
186.0,112.0,96,326
182.0,112.0,96,326
180.0,112.0,96,326
174.0,112.0,96,326
170.0,112.0,96,326
164.0,112.0,96,326
154.0,112.0,96,326
146.0,112.0,96,326
136.0,112.0,96,326
126.0,112.0,96,326
114.0,112.0,96,326
106.0,112.0,96,326
98.0,112.0,96,326
90.0,108.0,96,326
84.0,104.0,96,326
80.0,100.0,96,326
76.0,100.0,96,326
74.0,102.0,96,326
72.0,106.0,96,326
70.0,108.0,96,326
68.0,108.0,96,326
64.0,108.0,96,326
62.0,110.0,96,326
30.0,0,96,326
30.0,0,96,326
30.0,0,96,326
64.0,112.0,96,326
94.0,106.0,96,326
126.0,106.0,96,326
126.0,106.0,96,326
134.0,110.0,96,326
138.0,110.0,96,326
142.0,108.0,96,326
142.0,100.0,96,326
146.0,92.0,96,326
150.0,90.0,96,326
152.0,88.0,96,326
158.0,84.0,96,326
160.0,76.0,96,326
160.0,66.0,96,326
164.0,56.0,96,326
168.0,52.0,96,326
172.0,52.0,96,326
176.0,56.0,96,326
176.0,62.0,96,326
176.0,68.0,96,326
174.0,70.0,96,326
172.0,72.0,96,326
174.0,72.0,96,326
174.0,74.0,96,326
172.0,76.0,96,326
170.0,76.0,96,326
168.0,78.0,96,326
158.0,214.0,96,326
162.0,78.0,96,326
158.0,214.0,96,326
126.0,214.0,96,326
126.0,214.0,96,326
146.0,56.0,96,326
146.0,54.0,96,326
146.0,54.0,96,326
144.0,50.0,96,326
142.0,42.0,96,326
142.0,38.0,96,326
144.0,40.0,96,326
146.0,46.0,96,326
146.0,54.0,96,326
146.0,60.0,96,326
146.0,64.0,96,326
146.0,66.0,96,326
158.0,106.0,96,326
126.0,214.0,96,326
126.0,214.0,96,326
126.0,214.0,96,326
158.0,214.0,96,326
158.0,214.0,96,326
146.0,82.0,96,326
146.0,80.0,96,326
126.0,214.0,96,326
146.0,74.0,96,326
158.0,106.0,96,326
142.0,68.0,96,326
142.0,60.0,96,326
142.0,54.0,96,326
140.0,46.0,96,326
126.0,106.0,96,326
138.0,28.0,96,326
138.0,24.0,96,326
138.0,24.0,96,326
140.0,32.0,96,326
142.0,38.0,96,326
142.0,44.0,96,326
140.0,48.0,96,326
140.0,52.0,96,326
138.0,58.0,96,326
136.0,64.0,96,326
126.0,214.0,96,326
126.0,214.0,96,326
126.0,106.0,96,326
126.0,106.0,96,326
126.0,106.0,96,326
126.0,106.0,96,326
112.0,60.0,96,326
110.0,60.0,96,326
110.0,60.0,96,326
106.0,62.0,96,326
104.0,64.0,96,326
102.0,64.0,96,326
132.0,16.0,96,326
132.0,14.0,96,326
132.0,14.0,96,326
132.0,18.0,96,326
132.0,20.0,96,326
130.0,22.0,96,326
130.0,22.0,96,326
130.0,22.0,96,326
130.0,22.0,96,326
130.0,24.0,96,326
130.0,26.0,96,326
132.0,28.0,96,326
132.0,30.0,96,326
132.0,30.0,96,326
130.0,30.0,96,326
130.0,30.0,96,326
130.0,32.0,96,326
130.0,34.0,96,326
130.0,34.0,96,326
130.0,34.0,96,326
132.0,36.0,96,326
134.0,36.0,96,326
138.0,38.0,96,326
140.0,38.0,96,326
140.0,38.0,96,326
142.0,38.0,96,326
144.0,38.0,96,326
146.0,38.0,96,326
148.0,40.0,96,326
150.0,40.0,96,326
150.0,40.0,96,326
152.0,40.0,96,326
152.0,40.0,96,326
152.0,42.0,96,326
154.0,42.0,96,326
156.0,44.0,96,326
158.0,46.0,96,326
160.0,48.0,96,326
162.0,48.0,96,326
164.0,48.0,96,326
166.0,46.0,96,326
168.0,46.0,96,326
170.0,44.0,96,326
174.0,44.0,96,326
178.0,42.0,96,326
182.0,44.0,96,326
186.0,44.0,96,326
190.0,44.0,96,326
194.0,44.0,96,326
198.0,42.0,96,326
202.0,40.0,96,326
204.0,40.0,96,326
208.0,38.0,96,326
210.0,38.0,96,326
212.0,36.0,96,326
214.0,36.0,96,326
214.0,34.0,96,326
214.0,34.0,96,326
214.0,34.0,96,326
212.0,32.0,96,326
210.0,32.0,96,326
208.0,32.0,96,326
204.0,32.0,96,326
200.0,34.0,96,326
196.0,34.0,96,326
192.0,34.0,96,326
188.0,34.0,96,326
184.0,36.0,96,326
180.0,38.0,96,326
222.0,0,96,326
176.0,38.0,96,326
168.0,38.0,96,326
162.0,38.0,96,326
190.0,0,96,326
152.0,40.0,96,326
144.0,40.0,96,326
138.0,42.0,96,326
130.0,42.0,96,326
122.0,44.0,96,326
118.0,44.0,96,326
114.0,46.0,96,326
110.0,48.0,96,326
108.0,48.0,96,326
104.0,48.0,96,326
102.0,48.0,96,326
102.0,48.0,96,326
102.0,50.0,96,326
100.0,50.0,96,326
100.0,48.0,96,326
100.0,48.0,96,326
98.0,48.0,96,326
98.0,46.0,96,326
98.0,46.0,96,326
98.0,46.0,96,326
98.0,48.0,96,326
100.0,48.0,96,326
102.0,50.0,96,326
104.0,52.0,96,326
106.0,52.0,96,326
108.0,52.0,96,326
110.0,52.0,96,326
114.0,50.0,96,326
114.0,48.0,96,326
116.0,46.0,96,326
116.0,46.0,96,326
118.0,46.0,96,326
118.0,46.0,96,326
158.0,0,96,326
158.0,0,96,326
108.0,44.0,96,326
106.0,44.0,96,326
94.0,106.0,96,326
100.0,44.0,96,326
98.0,44.0,96,326
96.0,44.0,96,326
94.0,42.0,96,326
90.0,40.0,96,326
86.0,36.0,96,326
86.0,34.0,96,326
86.0,34.0,96,326
86.0,36.0,96,326
86.0,38.0,96,326
86.0,38.0,96,326
88.0,40.0,96,326
88.0,42.0,96,326
126.0,0,96,326
126.0,0,96,326
94.0,50.0,96,326
98.0,56.0,96,326
100.0,58.0,96,326
100.0,56.0,96,326
100.0,56.0,96,326
100.0,54.0,96,326
98.0,56.0,96,326
100.0,60.0,96,326
100.0,62.0,96,326
98.0,64.0,96,326
98.0,64.0,96,326
96.0,62.0,96,326
92.0,56.0,96,326
88.0,50.0,96,326
86.0,46.0,96,326
82.0,40.0,96,326
82.0,38.0,96,326
80.0,36.0,96,326
76.0,34.0,96,326
70.0,32.0,96,326
66.0,30.0,96,326
60.0,26.0,96,326
56.0,20.0,96,326
52.0,16.0,96,326
48.0,16.0,96,326
44.0,16.0,96,326
40.0,20.0,96,326
36.0,24.0,96,326
32.0,26.0,96,326
26.0,28.0,96,326
22.0,32.0,96,326
16.0,34.0,96,326
12.0,32.0,96,326
6.0,30.0,96,326
2.0,30.0,96,326
0,0,96,326
0,0,96,326
0,0,96,326
0,0,96,326
0,106.0,96,326
0,0,96,326
0,2.0,96,326
0,0.0,96,326
0,0,96,326
0,0,96,326
0,0,96,326
0,0,96,326
0,0,96,326
0,0,96,326
0.0,0,96,326
4.0,0,96,326
8.0,0,96,326
10.0,0,96,326
10.0,0,96,326
8.0,0,96,326
6.0,0,96,326
4.0,0,96,326
0.0,0,96,326
0.0,0,96,326
0.0,0,96,326
0,0,96,326
0,0,96,326
0,0,96,326
0,0,96,326
0,0,96,326
0,0,96,326
0,0,96,326
0,0,96,326
0,0,96,326
0,0,96,326
0,0,96,326
0,0,96,326
0,0,96,326
0,0,96,326
0,0.0,96,326
0,0.0,96,326
0,4.0,96,326
0,10.0,96,326
0,18.0,96,326
0,26.0,96,326
0,28.0,96,326
0,28.0,96,326
0,34.0,96,326
0,42.0,96,326
0,42.0,96,326
0,40.0,96,326
0,36.0,96,326
0,32.0,96,326
0,30.0,96,326
0,30.0,96,326
0,34.0,96,326
0,36.0,96,326
0,32.0,96,326
0,28.0,96,326
0,24.0,96,326
0,24.0,96,326
0,20.0,96,326
0,18.0,96,326
0,18.0,96,326
2.0,18.0,96,326
6.0,20.0,96,326
10.0,20.0,96,326
12.0,20.0,96,326
16.0,22.0,96,326
20.0,24.0,96,326
22.0,24.0,96,326
22.0,22.0,96,326
24.0,22.0,96,326
26.0,22.0,96,326
28.0,24.0,96,326
30.0,22.0,96,326
34.0,24.0,96,326
38.0,26.0,96,326
42.0,26.0,96,326
44.0,26.0,96,326
48.0,26.0,96,326
52.0,28.0,96,326
54.0,28.0,96,326
56.0,28.0,96,326
56.0,28.0,96,326
56.0,28.0,96,326
56.0,26.0,96,326
54.0,26.0,96,326
52.0,26.0,96,326
52.0,24.0,96,326
50.0,22.0,96,326
50.0,20.0,96,326
50.0,20.0,96,326
50.0,20.0,96,326
50.0,20.0,96,326
50.0,20.0,96,326
50.0,20.0,96,326
50.0,20.0,96,326
48.0,20.0,96,326
46.0,20.0,96,326
44.0,22.0,96,326
42.0,22.0,96,326
40.0,22.0,96,326
36.0,20.0,96,326
34.0,20.0,96,326
32.0,20.0,96,326
30.0,20.0,96,326
28.0,20.0,96,326
26.0,20.0,96,326
26.0,20.0,96,326
26.0,22.0,96,326
24.0,24.0,96,326
24.0,26.0,96,326
24.0,26.0,96,326
24.0,26.0,96,326
24.0,26.0,96,326
24.0,26.0,96,326
24.0,26.0,96,326
26.0,26.0,96,326
26.0,26.0,96,326
28.0,26.0,96,326
28.0,26.0,96,326
30.0,26.0,96,326
32.0,26.0,96,326
32.0,24.0,96,326
32.0,22.0,96,326
32.0,22.0,96,326
32.0,22.0,96,326
32.0,20.0,96,326
30.0,20.0,96,326
28.0,18.0,96,326
26.0,18.0,96,326
24.0,18.0,96,326
22.0,18.0,96,326
22.0,16.0,96,326
22.0,12.0,96,326
22.0,12.0,96,326
24.0,14.0,96,326
30.0,22.0,96,326
36.0,26.0,96,326
40.0,30.0,96,326
44.0,34.0,96,326
50.0,40.0,96,326
54.0,42.0,96,326
60.0,42.0,96,326
64.0,38.0,96,326
68.0,34.0,96,326
72.0,30.0,96,326
76.0,26.0,96,326
76.0,18.0,96,326
76.0,8.0,96,326
74.0,2.0,96,326
74.0,0,96,326
72.0,0,96,326
70.0,0,96,326
70.0,0,96,326
70.0,0,96,326
68.0,0,96,326
70.0,0,96,326
30.0,0,96,326
72.0,8.0,96,326
70.0,18.0,96,326
68.0,26.0,96,326
64.0,32.0,96,326
58.0,36.0,96,326
52.0,32.0,96,326
46.0,30.0,96,326
40.0,28.0,96,326
32.0,24.0,96,326
26.0,20.0,96,326
22.0,16.0,96,326
18.0,8.0,96,326
12.0,2.0,96,326
10.0,2.0,96,326
12.0,2.0,96,326
16.0,0,96,326
16.0,0,96,326
18.0,0,96,326
18.0,0,96,326
20.0,0,96,326
22.0,0.0,96,326
22.0,4.0,96,326
22.0,4.0,96,326
24.0,6.0,96,326
26.0,8.0,96,326
32.0,10.0,96,326
36.0,14.0,96,326
40.0,16.0,96,326
40.0,16.0,96,326
42.0,16.0,96,326
46.0,16.0,96,326
50.0,16.0,96,326
52.0,16.0,96,326
52.0,14.0,96,326
52.0,14.0,96,326
54.0,8.0,96,326
56.0,0.0,96,326
58.0,0,96,326
62.0,0,96,326
66.0,0,96,326
72.0,0,96,326
76.0,0,96,326
80.0,0,96,326
82.0,0,96,326
84.0,0,96,326
84.0,0.0,96,326
84.0,4.0,96,326
84.0,10.0,96,326
82.0,16.0,96,326
78.0,20.0,96,326
74.0,22.0,96,326
70.0,24.0,96,326
68.0,26.0,96,326
66.0,26.0,96,326
66.0,24.0,96,326
64.0,22.0,96,326
64.0,24.0,96,326
64.0,24.0,96,326
66.0,26.0,96,326
66.0,24.0,96,326
66.0,22.0,96,326
64.0,20.0,96,326
64.0,22.0,96,326
64.0,24.0,96,326
64.0,26.0,96,326
62.0,24.0,96,326
60.0,24.0,96,326
58.0,24.0,96,326
56.0,22.0,96,326
54.0,20.0,96,326
50.0,18.0,96,326
48.0,16.0,96,326
44.0,16.0,96,326
40.0,14.0,96,326
38.0,14.0,96,326
36.0,14.0,96,326
36.0,14.0,96,326
34.0,14.0,96,326
32.0,12.0,96,326
30.0,12.0,96,326
28.0,12.0,96,326
26.0,12.0,96,326
26.0,12.0,96,326
26.0,12.0,96,326
24.0,10.0,96,326
24.0,8.0,96,326
22.0,8.0,96,326
22.0,8.0,96,326
20.0,8.0,96,326
20.0,8.0,96,326
20.0,10.0,96,326
20.0,12.0,96,326
18.0,12.0,96,326
16.0,14.0,96,326
16.0,14.0,96,326
16.0,16.0,96,326
16.0,16.0,96,326
16.0,16.0,96,326
16.0,16.0,96,326
16.0,16.0,96,326
16.0,16.0,96,326
18.0,16.0,96,326
18.0,18.0,96,326
18.0,18.0,96,326
18.0,18.0,96,326
20.0,18.0,96,326
20.0,16.0,96,326
20.0,16.0,96,326
20.0,18.0,96,326
20.0,22.0,96,326
18.0,22.0,96,326
18.0,22.0,96,326
16.0,22.0,96,326
16.0,22.0,96,326
14.0,20.0,96,326
12.0,18.0,96,326
10.0,18.0,96,326
8.0,20.0,96,326
6.0,20.0,96,326
4.0,18.0,96,326
2.0,16.0,96,326
0.0,16.0,96,326
2.0,18.0,96,326
2.0,18.0,96,326
4.0,18.0,96,326
4.0,16.0,96,326
4.0,14.0,96,326
4.0,12.0,96,326
4.0,14.0,96,326
4.0,16.0,96,326
2.0,20.0,96,326
0.0,26.0,96,326
0.0,30.0,96,326
0.0,34.0,96,326
0.0,36.0,96,326
0.0,42.0,96,326
2.0,48.0,96,326
2.0,52.0,96,326
2.0,54.0,96,326
2.0,52.0,96,326
2.0,50.0,96,326
2.0,50.0,96,326
2.0,46.0,96,326
0.0,40.0,96,326
0,32.0,96,326
0,24.0,96,326
0,14.0,96,326
0,4.0,96,326
0,0,96,326
0,0,96,326
0.0,0,96,326
0.0,0,96,326
2.0,0,96,326
2.0,0,96,326
2.0,0,96,326
2.0,0,96,326
2.0,0,96,326
4.0,0,96,326
4.0,0,96,326
4.0,0,96,326
4.0,0,96,326
6.0,0,96,326
8.0,0,96,326
10.0,0,96,326
10.0,0,96,326
10.0,0,96,326
12.0,0,96,326
14.0,0,96,326
16.0,0,96,326
16.0,0,96,326
16.0,0,96,326
14.0,0,96,326
14.0,0,96,326
14.0,0,96,326
14.0,0,96,326
14.0,0,96,326
14.0,0,96,326
16.0,0,96,326
16.0,0.0,96,326
16.0,0.0,96,326
14.0,2.0,96,326
14.0,6.0,96,326
14.0,10.0,96,326
12.0,14.0,96,326
12.0,18.0,96,326
12.0,22.0,96,326
10.0,24.0,96,326
8.0,24.0,96,326
6.0,26.0,96,326
2.0,30.0,96,326
0,32.0,96,326
0,32.0,96,326
0,28.0,96,326
0,26.0,96,326
0,26.0,96,326
0,28.0,96,326
0,28.0,96,326
0,26.0,96,326
0,24.0,96,326
0,24.0,96,326
0,24.0,96,326
0,24.0,96,326
0,24.0,96,326
0,22.0,96,326
0,18.0,96,326
0,14.0,96,326
0,14.0,96,326
0,18.0,96,326
0,22.0,96,326
0,26.0,96,326
0,32.0,96,326
0,34.0,96,326
0,36.0,96,326
0,36.0,96,326
0,34.0,96,326
0,32.0,96,326
0,30.0,96,326
0,30.0,96,326
0,32.0,96,326
0,34.0,96,326
0,34.0,96,326
0,30.0,96,326
0,30.0,96,326
0,32.0,96,326
0,32.0,96,326
0,32.0,96,326
0,34.0,96,326
0,36.0,96,326
0,36.0,96,326
0,34.0,96,326
0,32.0,96,326
0,32.0,96,326
0,32.0,96,326
0,32.0,96,326
0,30.0,96,326
0,26.0,96,326
0,24.0,96,326
0,22.0,96,326
0,18.0,96,326
0.0,16.0,96,326
4.0,16.0,96,326
8.0,16.0,96,326
12.0,14.0,96,326
16.0,14.0,96,326
22.0,14.0,96,326
28.0,16.0,96,326
32.0,16.0,96,326
38.0,18.0,96,326
44.0,20.0,96,326
48.0,24.0,96,326
52.0,28.0,96,326
54.0,26.0,96,326
56.0,26.0,96,326
56.0,24.0,96,326
56.0,24.0,96,326
56.0,22.0,96,326
56.0,22.0,96,326
54.0,20.0,96,326
52.0,18.0,96,326
50.0,18.0,96,326
48.0,18.0,96,326
44.0,16.0,96,326
40.0,14.0,96,326
36.0,14.0,96,326
32.0,12.0,96,326
30.0,14.0,96,326
26.0,16.0,96,326
20.0,18.0,96,326
18.0,22.0,96,326
12.0,22.0,96,326
6.0,22.0,96,326
2.0,24.0,96,326
0.0,28.0,96,326
0,28.0,96,326
0,28.0,96,326
0,28.0,96,326
0,28.0,96,326
0,24.0,96,326
0,22.0,96,326
0,24.0,96,326
0,24.0,96,326
0,24.0,96,326
0,24.0,96,326
0,22.0,96,326
0,24.0,96,326
0,24.0,96,326
0,0,96,326
0,0,96,326
0,0,96,326
0,0,96,326
0,0,96,326
0,0,96,326
0,0,96,326
0,0,96,326
0,0,96,326
0,0,96,326
0,10.0,96,326
0,10.0,96,326
0,0,96,326
0,0,96,326
0,32.0,96,326
0,30.0,96,326
0,28.0,96,326
0,28.0,96,326
0,30.0,96,326
0,30.0,96,326
0,34.0,96,326
0,36.0,96,326
0,40.0,96,326
0,42.0,96,326
0,42.0,96,326
0,44.0,96,326
0,48.0,96,326
0,54.0,96,326
0,56.0,96,326
0,60.0,96,326
0,66.0,96,326
0.0,72.0,96,326
2.0,76.0,96,326
0.0,76.0,96,326
0,74.0,96,326
0,72.0,96,326
0,70.0,96,326
0,68.0,96,326
0,68.0,96,326
0,68.0,96,326
0,70.0,96,326