326,414,15,42
326.0,416.0,15,42
326.0,416.0,15,42
325.0,416.0,15,42
325.0,415.0,15,42
324.0,417.0,15,42
323.0,418.0,15,42
321.0,420.0,15,42
319.0,420.0,15,42
318.0,419.0,15,42
318.0,419.0,15,42
316.0,420.0,15,42
315.0,420.0,15,42
315.0,420.0,15,42
315.0,421.0,15,42
315.0,421.0,15,42
316.0,421.0,15,42
316.0,422.0,15,42
316.0,422.0,15,42
317.0,422.0,15,42
316.0,423.0,15,42
315.0,423.0,15,42
317.0,422.0,15,42
318.0,422.0,15,42
318.0,423.0,15,42
318.0,423.0,15,42
319.0,425.0,15,42
322.0,428.0,15,42
324.0,431.0,15,42
322.0,432.0,15,42
321.0,431.0,15,42
320.0,429.0,15,42
321.0,428.0,15,42
320.0,427.0,15,42
319.0,426.0,15,42
318.0,427.0,15,42
316.0,427.0,15,42
315.0,430.0,15,42
314.0,433.0,15,42
313.0,436.0,15,42
312.0,439.0,15,42
311.0,440.0,15,42
309.0,439.0,15,42
308.0,435.0,15,42
309.0,432.0,15,42
307.0,428.0,15,42
304.0,424.0,15,42
300.0,420.0,15,42
300.0,422.0,15,42
299.0,422.0,15,42
298.0,423.0,15,42
301.0,427.0,15,42
301.0,426.0,15,42
300.0,425.0,15,42
299.0,424.0,15,42
298.0,423.0,15,42
297.0,424.0,15,42
294.0,423.0,15,42
293.0,423.0,15,42
292.0,422.0,15,42
291.0,421.0,15,42
287.0,418.0,15,42
286.0,417.0,15,42
286.0,417.0,15,42
285.0,417.0,15,42
285.0,418.0,15,42
286.0,419.0,15,42
288.0,421.0,15,42
288.0,422.0,15,42
289.0,421.0,15,42
289.0,421.0,15,42
289.0,421.0,15,42
288.0,421.0,15,42
287.0,419.0,15,42
286.0,416.0,15,42
287.0,414.0,15,42
286.0,413.0,15,42
286.0,411.0,15,42
285.0,409.0,15,42
284.0,406.0,15,42
283.0,402.0,15,42
282.0,399.0,15,42
282.0,394.0,15,42
281.0,390.0,15,42
280.0,387.0,15,42
279.0,384.0,15,42
279.0,384.0,15,42
278.0,382.0,15,42
278.0,379.0,15,42
278.0,377.0,15,42
278.0,377.0,15,42
278.0,376.0,15,42
279.0,376.0,15,42
280.0,376.0,15,42
280.0,377.0,15,42
280.0,378.0,15,42
280.0,379.0,15,42
280.0,381.0,15,42
280.0,384.0,15,42
280.0,385.0,15,42
279.0,385.0,15,42
279.0,385.0,15,42
279.0,385.0,15,42
278.0,384.0,15,42
277.0,385.0,15,42
274.0,385.0,15,42
273.0,385.0,15,42
270.0,384.0,15,42
267.0,384.0,15,42
266.0,384.0,15,42
264.0,383.0,15,42
264.0,385.0,15,42
263.0,386.0,15,42
263.0,386.0,15,42
262.0,386.0,15,42
263.0,386.0,15,42
262.0,386.0,15,42
262.0,387.0,15,42
261.0,386.0,15,42
261.0,386.0,15,42
261.0,386.0,15,42
261.0,386.0,15,42
260.0,387.0,15,42
260.0,387.0,15,42
260.0,388.0,15,42
262.0,391.0,15,42
262.0,394.0,15,42
263.0,396.0,15,42
263.0,397.0,15,42
263.0,398.0,15,42
264.0,398.0,15,42
264.0,398.0,15,42
264.0,397.0,15,42
264.0,396.0,15,42
264.0,396.0,15,42
265.0,394.0,15,42
264.0,393.0,15,42
264.0,393.0,15,42
263.0,393.0,15,42
263.0,394.0,15,42
262.0,395.0,15,42
261.0,396.0,15,42
261.0,396.0,15,42
261.0,396.0,15,42
260.0,396.0,15,42
260.0,395.0,15,42
260.0,394.0,15,42
259.0,393.0,15,42
257.0,392.0,15,42
256.0,391.0,15,42
254.0,389.0,15,42
252.0,389.0,15,42
251.0,387.0,15,42
248.0,385.0,15,42
245.0,382.0,15,42
242.0,379.0,15,42
240.0,377.0,15,42
238.0,379.0,15,42
238.0,385.0,15,42
236.0,389.0,15,42
235.0,391.0,15,42
238.0,395.0,15,42
245.0,399.0,15,42
252.0,400.0,15,42
259.0,398.0,15,42
268.0,396.0,15,42
275.0,397.0,15,42
280.0,398.0,15,42
279.0,396.0,15,42
277.0,391.0,15,42
277.0,384.0,15,42
277.0,382.0,15,42
273.0,386.0,15,42
266.0,392.0,15,42
258.0,383.0,15,42
264.0,370.0,15,42
264.0,368.0,15,42
267.0,364.0,15,42
277.0,358.0,15,42
272.0,359.0,15,42
267.0,362.0,15,42
263.0,364.0,15,42
258.0,364.0,15,42
253.0,365.0,15,42
248.0,367.0,15,42
244.0,370.0,15,42
240.0,370.0,15,42
237.0,369.0,15,42
236.0,370.0,15,42
233.0,372.0,15,42
231.0,374.0,15,42
230.0,375.0,15,42
229.0,373.0,15,42
230.0,373.0,15,42
231.0,373.0,15,42
233.0,374.0,15,42
236.0,373.0,15,42
238.0,371.0,15,42
241.0,367.0,15,42
243.0,363.0,15,42
245.0,361.0,15,42
247.0,359.0,15,42
248.0,360.0,15,42
249.0,363.0,15,42
253.0,366.0,15,42
255.0,367.0,15,42
256.0,365.0,15,42
257.0,364.0,15,42
255.0,363.0,15,42
250.0,363.0,15,42
245.0,365.0,15,42
242.0,368.0,15,42
240.0,369.0,15,42
239.0,371.0,15,42
237.0,372.0,15,42
236.0,372.0,15,42
236.0,372.0,15,42
236.0,373.0,15,42
234.0,371.0,15,42
236.0,371.0,15,42
238.0,372.0,15,42
238.0,369.0,15,42
238.0,368.0,15,42
239.0,369.0,15,42
240.0,369.0,15,42
241.0,369.0,15,42
241.0,369.0,15,42
242.0,370.0,15,42
243.0,372.0,15,42
243.0,374.0,15,42
242.0,376.0,15,42
243.0,378.0,15,42
243.0,381.0,15,42
240.0,382.0,15,42
237.0,384.0,15,42
234.0,385.0,15,42
233.0,388.0,15,42
230.0,387.0,15,42
227.0,384.0,15,42
228.0,383.0,15,42
228.0,380.0,15,42
227.0,378.0,15,42
227.0,377.0,15,42
225.0,374.0,15,42
226.0,373.0,15,42
225.0,371.0,15,42
224.0,369.0,15,42
224.0,370.0,15,42
225.0,370.0,15,42
226.0,370.0,15,42
227.0,371.0,15,42
228.0,372.0,15,42
230.0,372.0,15,42
230.0,372.0,15,42
230.0,372.0,15,42
232.0,373.0,15,42
231.0,376.0,15,42
229.0,377.0,15,42
227.0,377.0,15,42
225.0,378.0,15,42
221.0,378.0,15,42
217.0,378.0,15,42
212.0,378.0,15,42
211.0,377.0,15,42
211.0,376.0,15,42
207.0,374.0,15,42
204.0,375.0,15,42
198.0,375.0,15,42
196.0,376.0,15,42
194.0,374.0,15,42
192.0,368.0,15,42
189.0,363.0,15,42
185.0,358.0,15,42
181.0,353.0,15,42
179.0,348.0,15,42
175.0,343.0,15,42
174.0,340.0,15,42
173.0,337.0,15,42
174.0,337.0,15,42
174.0,336.0,15,42
176.0,335.0,15,42
176.0,333.0,15,42
175.0,333.0,15,42
172.0,332.0,15,42
171.0,333.0,15,42
169.0,331.0,15,42
166.0,329.0,15,42
158.0,330.0,15,42
146.0,332.0,15,42
140.0,335.0,15,42
132.0,335.0,15,42
128.0,335.0,15,42
121.0,337.0,15,42
111.0,335.0,15,42
106.0,335.0,15,42
104.0,337.0,15,42
104.0,339.0,15,42
104.0,340.0,15,42
102.0,342.0,15,42
105.0,344.0,15,42
109.0,344.0,15,42
114.0,344.0,15,42
115.0,342.0,15,42
118.0,343.0,15,42
120.0,346.0,15,42
120.0,348.0,15,42
120.0,349.0,15,42
120.0,349.0,15,42
118.0,346.0,15,42
120.0,346.0,15,42
118.0,341.0,15,42
116.0,336.0,15,42
112.0,329.0,15,42
105.0,319.0,15,42
101.0,313.0,15,42
101.0,310.0,15,42
100.0,304.0,15,42
106.0,305.0,15,42
113.0,309.0,15,42
122.0,313.0,15,42
128.0,311.0,15,42
137.0,312.0,15,42
145.0,317.0,15,42
149.0,319.0,15,42
154.0,321.0,15,42
159.0,322.0,15,42
164.0,318.0,15,42
168.0,316.0,15,42
171.0,311.0,15,42
172.0,305.0,15,42
173.0,301.0,15,42
176.0,298.0,15,42
177.0,295.0,15,42
176.0,292.0,15,42
176.0,291.0,15,42
175.0,292.0,15,42
176.0,293.0,15,42
175.0,293.0,15,42
172.0,290.0,15,42
170.0,288.0,15,42
167.0,283.0,15,42
165.0,281.0,15,42
166.0,279.0,15,42
168.0,274.0,15,42
172.0,273.0,15,42
169.0,273.0,15,42
166.0,273.0,15,42
165.0,273.0,15,42
162.0,268.0,15,42
162.0,264.0,15,42
161.0,257.0,15,42
159.0,251.0,15,42
157.0,250.0,15,42
157.0,246.0,15,42
158.0,239.0,15,42
159.0,230.0,15,42
162.0,225.0,15,42
164.0,221.0,15,42
162.0,218.0,15,42
161.0,216.0,15,42
160.0,214.0,15,42
162.0,215.0,15,42
162.0,217.0,15,42
162.0,218.0,15,42
162.0,218.0,15,42
161.0,219.0,15,42
159.0,224.0,15,42
157.0,230.0,15,42
154.0,232.0,15,42
149.0,230.0,15,42
145.0,227.0,15,42
141.0,223.0,15,42
140.0,218.0,15,42
142.0,218.0,15,42
140.0,214.0,15,42
137.0,208.0,15,42
136.0,206.0,15,42
135.0,202.0,15,42
134.0,193.0,15,42
135.0,188.0,15,42
131.0,187.0,15,42
128.0,185.0,15,42
125.0,179.0,15,42
121.0,172.0,15,42
113.0,165.0,15,42
110.0,159.0,15,42
107.0,154.0,15,42
102.0,150.0,15,42
98.0,147.0,15,42
94.0,143.0,15,42
89.0,137.0,15,42
86.0,133.0,15,42
82.0,126.0,15,42
77.0,121.0,15,42
75.0,118.0,15,42
76.0,119.0,15,42
73.0,121.0,15,42
72.0,121.0,15,42
72.0,123.0,15,42
73.0,130.0,15,42
75.0,137.0,15,42
76.0,138.0,15,42
73.0,134.0,15,42
70.0,128.0,15,42
66.0,122.0,15,42
62.0,119.0,15,42
57.0,109.0,15,42
53.0,93.0,15,42
50.0,78.0,15,42
52.0,69.0,15,42
53.0,68.0,15,42
54.0,66.0,15,42
59.0,65.0,15,42
59.0,63.0,15,42
60.0,65.0,15,42
62.0,65.0,15,42
63.0,62.0,15,42
65.0,60.0,15,42
65.0,57.0,15,42
65.0,54.0,15,42
64.0,53.0,15,42
63.0,50.0,15,42
65.0,48.0,15,42
66.0,49.0,15,42
71.0,56.0,15,42
75.0,66.0,15,42
75.0,79.0,15,42
78.0,78.0,15,42
79.0,71.0,15,42
82.0,72.0,15,42
82.0,66.0,15,42
79.0,61.0,15,42
72.0,59.0,15,42
69.0,50.0,15,42
66.0,39.0,15,42
68.0,34.0,15,42
73.0,37.0,15,42
74.0,39.0,15,42
77.0,41.0,15,42
81.0,44.0,15,42
85.0,55.0,15,42
89.0,63.0,15,42
92.0,67.0,15,42
98.0,71.0,15,42
107.0,74.0,15,42
111.0,77.0,15,42
116.0,84.0,15,42
115.0,87.0,15,42
117.0,86.0,15,42
118.0,86.0,15,42
118.0,87.0,15,42
117.0,86.0,15,42
117.0,87.0,15,42
114.0,91.0,15,42
113.0,94.0,15,42
111.0,95.0,15,42
110.0,97.0,15,42
112.0,102.0,15,42
114.0,107.0,15,42
115.0,106.0,15,42
117.0,110.0,15,42
118.0,111.0,15,42
121.0,111.0,15,42
124.0,114.0,15,42
126.0,116.0,15,42
128.0,118.0,15,42
130.0,123.0,15,42
131.0,125.0,15,42
135.0,126.0,15,42
138.0,129.0,15,42
142.0,132.0,15,42
146.0,135.0,15,42
148.0,138.0,15,42
150.0,139.0,15,42
154.0,143.0,15,42
158.0,148.0,15,42
164.0,153.0,15,42
168.0,160.0,15,42
171.0,163.0,15,42
174.0,169.0,15,42
175.0,171.0,15,42
176.0,172.0,15,42
177.0,172.0,15,42
176.0,172.0,15,42
177.0,173.0,15,42
178.0,173.0,15,42
179.0,173.0,15,42
180.0,174.0,15,42
181.0,175.0,15,42
181.0,174.0,15,42
180.0,173.0,15,42
180.0,175.0,15,42
179.0,175.0,15,42
179.0,174.0,15,42
179.0,170.0,15,42
179.0,166.0,15,42
180.0,162.0,15,42
178.0,154.0,15,42
176.0,147.0,15,42
178.0,145.0,15,42
177.0,143.0,15,42
177.0,139.0,15,42
178.0,136.0,15,42
179.0,134.0,15,42
180.0,133.0,15,42
180.0,130.0,15,42
180.0,127.0,15,42
180.0,126.0,15,42
180.0,127.0,15,42
180.0,126.0,15,42
180.0,127.0,15,42
179.0,127.0,15,42
179.0,126.0,15,42
177.0,128.0,15,42
174.0,130.0,15,42
172.0,133.0,15,42
169.0,136.0,15,42
163.0,138.0,15,42
157.0,139.0,15,42
152.0,140.0,15,42
148.0,143.0,15,42
145.0,144.0,15,42
142.0,144.0,15,42
141.0,145.0,15,42
139.0,145.0,15,42
137.0,144.0,15,42
136.0,144.0,15,42
136.0,142.0,15,42
136.0,140.0,15,42
135.0,139.0,15,42
135.0,137.0,15,42
133.0,136.0,15,42
133.0,136.0,15,42
134.0,133.0,15,42
135.0,131.0,15,42
135.0,130.0,15,42
136.0,130.0,15,42
135.0,128.0,15,42
136.0,127.0,15,42
136.0,127.0,15,42
135.0,126.0,15,42
136.0,124.0,15,42
135.0,121.0,15,42
135.0,120.0,15,42
135.0,119.0,15,42
136.0,115.0,15,42
138.0,113.0,15,42
140.0,112.0,15,42
141.0,110.0,15,42
142.0,109.0,15,42
139.0,106.0,15,42
133.0,103.0,15,42
131.0,99.0,15,42
136.0,95.0,15,42
143.0,89.0,15,42
146.0,83.0,15,42
144.0,82.0,15,42
142.0,84.0,15,42
143.0,85.0,15,42
142.0,84.0,15,42
140.0,83.0,15,42
139.0,81.0,15,42
137.0,73.0,15,42
140.0,67.0,15,42
142.0,64.0,15,42
143.0,60.0,15,42
144.0,56.0,15,42
146.0,54.0,15,42
147.0,50.0,15,42
150.0,47.0,15,42
151.0,45.0,15,42
151.0,43.0,15,42
151.0,39.0,15,42
150.0,35.0,15,42
152.0,31.0,15,42
154.0,28.0,15,42
155.0,27.0,15,42
155.0,26.0,15,42
154.0,26.0,15,42
153.0,27.0,15,42
152.0,26.0,15,42
150.0,25.0,15,42
146.0,24.0,15,42
141.0,22.0,15,42
136.0,18.0,15,42
132.0,15.0,15,42
128.0,12.0,15,42
125.0,9.0,15,42
124.0,5.0,15,42
124.0,3.0,15,42
124.0,1.0,15,42
124.0,0,15,42
125.0,0,15,42
127.0,0,15,42
130.0,0,15,42
131.0,0,15,42
132.0,0,15,42
133.0,0,15,42
132.0,0,15,42
131.0,0,15,42
131.0,0,15,42
131.0,0,15,42
131.0,0,15,42
130.0,0,15,42
128.0,0,15,42
127.0,0,15,42
128.0,0,15,42
130.0,0,15,42
130.0,0,15,42
130.0,0,15,42
131.0,0,15,42
131.0,0,15,42
132.0,0,15,42
135.0,0,15,42
135.0,0,15,42
134.0,0,15,42
133.0,0,15,42
134.0,0,15,42
134.0,0,15,42
133.0,0,15,42
132.0,0,15,42
131.0,0,15,42
131.0,0,15,42
130.0,0,15,42
130.0,0,15,42
129.0,0,15,42
129.0,0,15,42
128.0,0,15,42
127.0,0,15,42
127.0,0,15,42
126.0,0,15,42
124.0,0,15,42
121.0,0.0,15,42
124.0,0,15,42
124.0,0,15,42
123.0,0,15,42
126.0,0,15,42
128.0,0,15,42
132.0,0,15,42
132.0,0,15,42
133.0,0,15,42
133.0,0,15,42
132.0,0,15,42
131.0,0,15,42
131.0,0,15,42
130.0,0,15,42
129.0,0,15,42
130.0,0,15,42
130.0,0,15,42
130.0,0,15,42
130.0,0,15,42
129.0,0,15,42
128.0,0,15,42
129.0,0,15,42
122.0,0,15,42
125.0,0,15,42
128.0,0,15,42
130.0,0,15,42
134.0,0,15,42
138.0,0,15,42
145.0,0,15,42
140.0,0,15,42
135.0,0,15,42
141.0,0,15,42
140.0,0,15,42
142.0,0,15,42
138.0,0,15,42
133.0,0,15,42
134.0,0,15,42
134.0,0,15,42
134.0,0,15,42
119.0,24.0,15,42
108.0,19.0,15,42
102.0,11.0,15,42
99.0,1.0,15,42
99.0,0,15,42
99.0,0,15,42
101.0,0,15,42
103.0,0,15,42
97.0,0,15,42
94.0,0,15,42
105.0,0,15,42
112.0,0,15,42
100.0,0,15,42
103.0,0,15,42
104.0,0,15,42
105.0,0,15,42
107.0,0,15,42
109.0,0,15,42
111.0,0,15,42
112.0,0,15,42
113.0,0,15,42
114.0,0,15,42
114.0,0,15,42
113.0,0,15,42
115.0,0,15,42
113.0,0,15,42
111.0,0,15,42
107.0,0,15,42
105.0,0,15,42
104.0,0,15,42
106.0,0,15,42
109.0,0,15,42
109.0,0,15,42
107.0,0,15,42
108.0,0,15,42
109.0,0,15,42
111.0,0,15,42
114.0,0,15,42
115.0,0,15,42
113.0,0,15,42
113.0,0,15,42
111.0,0,15,42