40,199,61,103
39.0,198.0,61,103
39.0,198.0,61,103
39.0,197.0,61,103
38.0,196.0,61,103
38.0,195.0,61,103
38.0,195.0,61,103
37.0,194.0,61,103
37.0,193.0,61,103
37.0,192.0,61,103
36.0,191.0,61,103
36.0,189.0,61,103
36.0,186.0,61,103
36.0,182.0,61,103
36.0,178.0,61,103
36.0,172.0,61,103
36.0,166.0,61,103
37.0,158.0,61,103
38.0,150.0,61,103
39.0,144.0,61,103
41.0,137.0,61,103
43.0,131.0,61,103
46.0,126.0,61,103
49.0,120.0,61,103
53.0,114.0,61,103
58.0,108.0,61,103
63.0,102.0,61,103
68.0,97.0,61,103
75.0,92.0,61,103
83.0,87.0,61,103
90.0,83.0,61,103
99.0,78.0,61,103
107.0,72.0,61,103
116.0,67.0,61,103
125.0,63.0,61,103
135.0,60.0,61,103
144.0,58.0,61,103
154.0,55.0,61,103
164.0,53.0,61,103
174.0,50.0,61,103
184.0,47.0,61,103
194.0,45.0,61,103
203.0,44.0,61,103
212.0,43.0,61,103
220.0,43.0,61,103
227.0,44.0,61,103
234.0,46.0,61,103
241.0,47.0,61,103
247.0,48.0,61,103
253.0,50.0,61,103
258.0,51.0,61,103
263.0,53.0,61,103
267.0,56.0,61,103
271.0,59.0,61,103
275.0,61.0,61,103
278.0,64.0,61,103
281.0,67.0,61,103
284.0,70.0,61,103
288.0,73.0,61,103
292.0,78.0,61,103
296.0,83.0,61,103
300.0,88.0,61,103
304.0,93.0,61,103
308.0,97.0,61,103
312.0,101.0,61,103
317.0,106.0,61,103
322.0,111.0,61,103
327.0,116.0,61,103
331.0,122.0,61,103
336.0,128.0,61,103
341.0,134.0,61,103
345.0,140.0,61,103
349.0,146.0,61,103
353.0,153.0,61,103
356.0,161.0,61,103
359.0,168.0,61,103
362.0,174.0,61,103
364.0,180.0,61,103
365.0,186.0,61,103
366.0,192.0,61,103
367.0,197.0,61,103
367.0,202.0,61,103
367.0,206.0,61,103
366.0,209.0,61,103
365.0,211.0,61,103
364.0,212.0,61,103
363.0,213.0,61,103
362.0,212.0,61,103
362.0,211.0,61,103
361.0,210.0,61,103
361.0,208.0,61,103
361.0,205.0,61,103
362.0,202.0,61,103
362.0,199.0,61,103
363.0,196.0,61,103
365.0,192.0,61,103
366.0,188.0,61,103
367.0,183.0,61,103
368.0,179.0,61,103
369.0,174.0,61,103
369.0,169.0,61,103
369.0,163.0,61,103
369.0,157.0,61,103
368.0,152.0,61,103
367.0,147.0,61,103
364.0,142.0,61,103
361.0,138.0,61,103
358.0,134.0,61,103
354.0,130.0,61,103
349.0,127.0,61,103
344.0,126.0,61,103
338.0,125.0,61,103
332.0,124.0,61,103
325.0,124.0,61,103
319.0,123.0,61,103
312.0,122.0,61,103
305.0,122.0,61,103
298.0,122.0,61,103
291.0,123.0,61,103
284.0,124.0,61,103
277.0,124.0,61,103
272.0,125.0,61,103
266.0,125.0,61,103
260.0,126.0,61,103
255.0,127.0,61,103
250.0,129.0,61,103
245.0,132.0,61,103
242.0,134.0,61,103
238.0,137.0,61,103
236.0,139.0,61,103
233.0,141.0,61,103
231.0,144.0,61,103
230.0,147.0,61,103
229.0,150.0,61,103
229.0,153.0,61,103
230.0,157.0,61,103
232.0,161.0,61,103
235.0,164.0,61,103
238.0,167.0,61,103
241.0,169.0,61,103
245.0,170.0,61,103
250.0,170.0,61,103
255.0,170.0,61,103
261.0,169.0,61,103
267.0,168.0,61,103
273.0,168.0,61,103
279.0,167.0,61,103
284.0,168.0,61,103
290.0,168.0,61,103
296.0,168.0,61,103
301.0,169.0,61,103
306.0,170.0,61,103
310.0,171.0,61,103
314.0,172.0,61,103
318.0,173.0,61,103
321.0,175.0,61,103
323.0,176.0,61,103
326.0,178.0,61,103
328.0,180.0,61,103
330.0,182.0,61,103
331.0,183.0,61,103
333.0,184.0,61,103
334.0,184.0,61,103
336.0,183.0,61,103
337.0,183.0,61,103
339.0,182.0,61,103
342.0,181.0,61,103
344.0,180.0,61,103
347.0,179.0,61,103
351.0,177.0,61,103
354.0,175.0,61,103
358.0,174.0,61,103
362.0,173.0,61,103
366.0,172.0,61,103
370.0,172.0,61,103
375.0,172.0,61,103
379.0,171.0,61,103
383.0,171.0,61,103
387.0,171.0,61,103
391.0,170.0,61,103
396.0,168.0,61,103
399.0,168.0,61,103
403.0,166.0,61,103
407.0,164.0,61,103
410.0,162.0,61,103
414.0,161.0,61,103
417.0,159.0,61,103
421.0,157.0,61,103
424.0,154.0,61,103
427.0,151.0,61,103
430.0,149.0,61,103
433.0,147.0,61,103
435.0,146.0,61,103
437.0,145.0,61,103
440.0,145.0,61,103
441.0,144.0,61,103
443.0,144.0,61,103
445.0,145.0,61,103
447.0,146.0,61,103
448.0,148.0,61,103
450.0,150.0,61,103
451.0,150.0,61,103
453.0,150.0,61,103
454.0,150.0,61,103
455.0,148.0,61,103
456.0,144.0,61,103
457.0,139.0,61,103
457.0,134.0,61,103
457.0,129.0,61,103
457.0,125.0,61,103
455.0,120.0,61,103
453.0,114.0,61,103
450.0,107.0,61,103
446.0,99.0,61,103
441.0,91.0,61,103
434.0,84.0,61,103
427.0,80.0,61,103
418.0,75.0,61,103
409.0,71.0,61,103
397.0,66.0,61,103
385.0,60.0,61,103
368.0,54.0,61,103
353.0,49.0,61,103
338.0,44.0,61,103
318.0,42.0,61,103
301.0,40.0,61,103
285.0,38.0,61,103
268.0,35.0,61,103
250.0,31.0,61,103
232.0,29.0,61,103
214.0,27.0,61,103
198.0,25.0,61,103
180.0,22.0,61,103
165.0,20.0,61,103
151.0,18.0,61,103
138.0,17.0,61,103
126.0,17.0,61,103
113.0,16.0,61,103
102.0,17.0,61,103
91.0,19.0,61,103
81.0,21.0,61,103
73.0,24.0,61,103
64.0,27.0,61,103
57.0,31.0,61,103
51.0,37.0,61,103
45.0,43.0,61,103
40.0,49.0,61,103
35.0,57.0,61,103
31.0,64.0,61,103
28.0,71.0,61,103
25.0,78.0,61,103
22.0,86.0,61,103
19.0,92.0,61,103
17.0,99.0,61,103
15.0,106.0,61,103
13.0,112.0,61,103
11.0,118.0,61,103
10.0,124.0,61,103
8.0,129.0,61,103
8.0,134.0,61,103
7.0,137.0,61,103
7.0,140.0,61,103
7.0,144.0,61,103
8.0,148.0,61,103
9.0,152.0,61,103
9.0,156.0,61,103
10.0,159.0,61,103
12.0,162.0,61,103
13.0,166.0,61,103
15.0,170.0,61,103
17.0,174.0,61,103
20.0,178.0,61,103
22.0,182.0,61,103
24.0,186.0,61,103
26.0,190.0,61,103
29.0,194.0,61,103
32.0,199.0,61,103
36.0,204.0,61,103
40.0,208.0,61,103
43.0,211.0,61,103
46.0,214.0,61,103
48.0,218.0,61,103
50.0,221.0,61,103
51.0,223.0,61,103
52.0,225.0,61,103
53.0,227.0,61,103
54.0,229.0,61,103
55.0,231.0,61,103
55.0,233.0,61,103
56.0,235.0,61,103
57.0,236.0,61,103
57.0,237.0,61,103
58.0,238.0,61,103
59.0,238.0,61,103
59.0,239.0,61,103
60.0,239.0,61,103
61.0,240.0,61,103
62.0,240.0,61,103
63.0,241.0,61,103
64.0,241.0,61,103
65.0,242.0,61,103
66.0,243.0,61,103
67.0,245.0,61,103
67.0,245.0,61,103
68.0,246.0,61,103
68.0,247.0,61,103
69.0,248.0,61,103
69.0,249.0,61,103
69.0,251.0,61,103
69.0,252.0,61,103
69.0,254.0,61,103
69.0,256.0,61,103
69.0,258.0,61,103
68.0,260.0,61,103
68.0,262.0,61,103
68.0,264.0,61,103
67.0,266.0,61,103
67.0,267.0,61,103
67.0,268.0,61,103
67.0,268.0,61,103
67.0,268.0,61,103
67.0,268.0,61,103
67.0,268.0,61,103
67.0,270.0,61,103
67.0,272.0,61,103
67.0,274.0,61,103
67.0,274.0,61,103
67.0,274.0,61,103
67.0,275.0,61,103
67.0,276.0,61,103
66.0,278.0,61,103
66.0,280.0,61,103
66.0,281.0,61,103
66.0,280.0,61,103
66.0,279.0,61,103
66.0,279.0,61,103
66.0,280.0,61,103
67.0,280.0,61,103
67.0,280.0,61,103
67.0,280.0,61,103
67.0,279.0,61,103
67.0,279.0,61,103
67.0,279.0,61,103
67.0,279.0,61,103
67.0,279.0,61,103
83.0,267.0,61,103
67.0,278.0,61,103
67.0,279.0,61,103
83.0,267.0,61,103
68.0,279.0,61,103
67.0,279.0,61,103
67.0,279.0,61,103
67.0,279.0,61,103
67.0,279.0,61,103
67.0,279.0,61,103
67.0,279.0,61,103
66.0,279.0,61,103
66.0,279.0,61,103
66.0,279.0,61,103
66.0,279.0,61,103
66.0,279.0,61,103
66.0,278.0,61,103
66.0,278.0,61,103
66.0,278.0,61,103
66.0,277.0,61,103
66.0,276.0,61,103
65.0,275.0,61,103
65.0,274.0,61,103
65.0,273.0,61,103
65.0,273.0,61,103
66.0,273.0,61,103
66.0,275.0,61,103
62.0,263.0,61,103
61.0,245.0,61,103
62.0,240.0,61,103
63.0,233.0,61,103
63.0,225.0,61,103
62.0,214.0,61,103
62.0,204.0,61,103
62.0,195.0,61,103
62.0,187.0,61,103
63.0,180.0,61,103
64.0,173.0,61,103
65.0,167.0,61,103
66.0,161.0,61,103
68.0,155.0,61,103
71.0,149.0,61,103
74.0,144.0,61,103
78.0,139.0,61,103
83.0,134.0,61,103
89.0,130.0,61,103
95.0,125.0,61,103
104.0,121.0,61,103
113.0,116.0,61,103
124.0,112.0,61,103
134.0,110.0,61,103
144.0,109.0,61,103
153.0,108.0,61,103
167.0,109.0,61,103
179.0,110.0,61,103
192.0,111.0,61,103
206.0,112.0,61,103
220.0,113.0,61,103
233.0,115.0,61,103
246.0,116.0,61,103
257.0,118.0,61,103
268.0,120.0,61,103
278.0,124.0,61,103
286.0,127.0,61,103
295.0,132.0,61,103
302.0,137.0,61,103
309.0,144.0,61,103
313.0,150.0,61,103
317.0,157.0,61,103
319.0,164.0,61,103
320.0,169.0,61,103
319.0,174.0,61,103
318.0,178.0,61,103
316.0,182.0,61,103
313.0,185.0,61,103
310.0,188.0,61,103
307.0,190.0,61,103
303.0,192.0,61,103
300.0,193.0,61,103
296.0,194.0,61,103
293.0,195.0,61,103
290.0,196.0,61,103
287.0,197.0,61,103
284.0,197.0,61,103
282.0,198.0,61,103
279.0,200.0,61,103
278.0,201.0,61,103
276.0,203.0,61,103
275.0,204.0,61,103
274.0,206.0,61,103
272.0,209.0,61,103
271.0,211.0,61,103
270.0,212.0,61,103
269.0,214.0,61,103
268.0,216.0,61,103
267.0,217.0,61,103
266.0,219.0,61,103
265.0,220.0,61,103
264.0,222.0,61,103
263.0,224.0,61,103
261.0,226.0,61,103
260.0,228.0,61,103
259.0,229.0,61,103
258.0,230.0,61,103
257.0,231.0,61,103
256.0,232.0,61,103
255.0,232.0,61,103
254.0,232.0,61,103
253.0,230.0,61,103
252.0,228.0,61,103
251.0,224.0,61,103
249.0,219.0,61,103
247.0,212.0,61,103
247.0,202.0,61,103
247.0,193.0,61,103
248.0,183.0,61,103
248.0,173.0,61,103
249.0,163.0,61,103
250.0,154.0,61,103
252.0,145.0,61,103
254.0,137.0,61,103
257.0,131.0,61,103
259.0,126.0,61,103
262.0,122.0,61,103
266.0,120.0,61,103
270.0,118.0,61,103
274.0,117.0,61,103
279.0,115.0,61,103
284.0,115.0,61,103
288.0,115.0,61,103
293.0,115.0,61,103
298.0,115.0,61,103
303.0,117.0,61,103
306.0,120.0,61,103
309.0,124.0,61,103
310.0,128.0,61,103
310.0,133.0,61,103
309.0,140.0,61,103
307.0,148.0,61,103
303.0,158.0,61,103
298.0,171.0,61,103
291.0,184.0,61,103
283.0,197.0,61,103
273.0,210.0,61,103
263.0,222.0,61,103
253.0,232.0,61,103
244.0,240.0,61,103
234.0,247.0,61,103
227.0,251.0,61,103
220.0,253.0,61,103
212.0,251.0,61,103
208.0,246.0,61,103
205.0,238.0,61,103
203.0,229.0,61,103
201.0,220.0,61,103
201.0,210.0,61,103
201.0,200.0,61,103
203.0,190.0,61,103
206.0,181.0,61,103
210.0,174.0,61,103
214.0,168.0,61,103
220.0,162.0,61,103
226.0,157.0,61,103
234.0,153.0,61,103
244.0,151.0,61,103
254.0,149.0,61,103
264.0,148.0,61,103
275.0,149.0,61,103
287.0,151.0,61,103
299.0,154.0,61,103
311.0,158.0,61,103
324.0,164.0,61,103
337.0,170.0,61,103
351.0,176.0,61,103
364.0,181.0,61,103
378.0,184.0,61,103
391.0,185.0,61,103
405.0,185.0,61,103
417.0,185.0,61,103
427.0,185.0,61,103
437.0,184.0,61,103
444.0,182.0,61,103
450.0,179.0,61,103
454.0,175.0,61,103
455.0,170.0,61,103
455.0,165.0,61,103
452.0,160.0,61,103
446.0,155.0,61,103
438.0,151.0,61,103
428.0,147.0,61,103
415.0,143.0,61,103
400.0,139.0,61,103
383.0,135.0,61,103
362.0,131.0,61,103
339.0,130.0,61,103
315.0,127.0,61,103
291.0,126.0,61,103
265.0,126.0,61,103
237.0,128.0,61,103
203.0,134.0,61,103
173.0,136.0,61,103
145.0,139.0,61,103
116.0,142.0,61,103
86.0,142.0,61,103
59.0,140.0,61,103
36.0,138.0,61,103
12.0,135.0,61,103
0,130.0,61,103
0,126.0,61,103
0,121.0,61,103
0,113.0,61,103
0,106.0,61,103
0,97.0,61,103
0,88.0,61,103
9.0,79.0,61,103
22.0,70.0,61,103
37.0,62.0,61,103
53.0,54.0,61,103
69.0,47.0,61,103
84.0,42.0,61,103
101.0,37.0,61,103
116.0,33.0,61,103
133.0,30.0,61,103
150.0,28.0,61,103
165.0,26.0,61,103
181.0,26.0,61,103
197.0,26.0,61,103
211.0,27.0,61,103
225.0,27.0,61,103
239.0,30.0,61,103
253.0,33.0,61,103
264.0,36.0,61,103
274.0,41.0,61,103
283.0,47.0,61,103
290.0,54.0,61,103
296.0,62.0,61,103
302.0,72.0,61,103
306.0,82.0,61,103
307.0,91.0,61,103
308.0,101.0,61,103
308.0,111.0,61,103
308.0,121.0,61,103
307.0,130.0,61,103
306.0,140.0,61,103
304.0,148.0,61,103
302.0,156.0,61,103
301.0,164.0,61,103
299.0,172.0,61,103
298.0,180.0,61,103
298.0,187.0,61,103
298.0,195.0,61,103
298.0,202.0,61,103
299.0,208.0,61,103
301.0,212.0,61,103
302.0,215.0,61,103
305.0,216.0,61,103
307.0,216.0,61,103
310.0,215.0,61,103
312.0,212.0,61,103
315.0,208.0,61,103
318.0,205.0,61,103
320.0,202.0,61,103
323.0,198.0,61,103
325.0,195.0,61,103
327.0,193.0,61,103
329.0,192.0,61,103
330.0,191.0,61,103
331.0,191.0,61,103
332.0,192.0,61,103
331.0,194.0,61,103
330.0,197.0,61,103
328.0,199.0,61,103
325.0,200.0,61,103
321.0,202.0,61,103
316.0,204.0,61,103
309.0,205.0,61,103
301.0,206.0,61,103
292.0,208.0,61,103
283.0,210.0,61,103
272.0,212.0,61,103
260.0,215.0,61,103
249.0,216.0,61,103
236.0,217.0,61,103
224.0,218.0,61,103
212.0,220.0,61,103
203.0,222.0,61,103
193.0,225.0,61,103
184.0,227.0,61,103
176.0,228.0,61,103
170.0,229.0,61,103
164.0,231.0,61,103
160.0,234.0,61,103
157.0,238.0,61,103
155.0,244.0,61,103
154.0,251.0,61,103
154.0,257.0,61,103
155.0,263.0,61,103
157.0,269.0,61,103
159.0,274.0,61,103
161.0,278.0,61,103
164.0,282.0,61,103
167.0,284.0,61,103
170.0,285.0,61,103
173.0,286.0,61,103
176.0,286.0,61,103
180.0,286.0,61,103
183.0,285.0,61,103
186.0,283.0,61,103
190.0,282.0,61,103
193.0,281.0,61,103
197.0,281.0,61,103
202.0,281.0,61,103
207.0,280.0,61,103
214.0,278.0,61,103
220.0,276.0,61,103
228.0,275.0,61,103
237.0,273.0,61,103
245.0,271.0,61,103
256.0,269.0,61,103
267.0,268.0,61,103
278.0,267.0,61,103
290.0,267.0,61,103
303.0,267.0,61,103
316.0,268.0,61,103
330.0,269.0,61,103
344.0,271.0,61,103
358.0,272.0,61,103
373.0,272.0,61,103
388.0,270.0,61,103
403.0,268.0,61,103
419.0,265.0,61,103
432.0,262.0,61,103
446.0,258.0,61,103
457.0,255.0,61,103
466.0,251.0,61,103
477.0,249.0,61,103
485.0,246.0,61,103
491.0,242.0,61,103
495.0,237.0,61,103
499.0,230.0,61,103
502.0,223.0,61,103
503.0,215.0,61,103
503.0,206.0,61,103
498.0,195.0,61,103
490.0,180.0,61,103
481.0,166.0,61,103
472.0,151.0,61,103
460.0,136.0,61,103
444.0,118.0,61,103
427.0,101.0,61,103
409.0,86.0,61,103
389.0,70.0,61,103
362.0,53.0,61,103
344.0,44.0,61,103
317.0,35.0,61,103
292.0,31.0,61,103
268.0,29.0,61,103
246.0,29.0,61,103
224.0,32.0,61,103
205.0,39.0,61,103
187.0,48.0,61,103
171.0,61.0,61,103
159.0,75.0,61,103
150.0,91.0,61,103
144.0,108.0,61,103
141.0,125.0,61,103
140.0,139.0,61,103
142.0,151.0,61,103
146.0,164.0,61,103
151.0,176.0,61,103
158.0,186.0,61,103
165.0,193.0,61,103
173.0,200.0,61,103
182.0,206.0,61,103
193.0,211.0,61,103
204.0,216.0,61,103
215.0,222.0,61,103
227.0,227.0,61,103
239.0,229.0,61,103
250.0,229.0,61,103
262.0,229.0,61,103
275.0,228.0,61,103
287.0,226.0,61,103
299.0,226.0,61,103
311.0,226.0,61,103
322.0,224.0,61,103
332.0,222.0,61,103
341.0,221.0,61,103
349.0,218.0,61,103
355.0,215.0,61,103
360.0,212.0,61,103
363.0,209.0,61,103
365.0,205.0,61,103
364.0,202.0,61,103
363.0,199.0,61,103
360.0,196.0,61,103
355.0,195.0,61,103
350.0,193.0,61,103
344.0,192.0,61,103
336.0,191.0,61,103
329.0,190.0,61,103
321.0,188.0,61,103
314.0,186.0,61,103
306.0,183.0,61,103
299.0,179.0,61,103
293.0,174.0,61,103
286.0,169.0,61,103
280.0,164.0,61,103
274.0,158.0,61,103
268.0,152.0,61,103
263.0,146.0,61,103
257.0,141.0,61,103
251.0,136.0,61,103
245.0,131.0,61,103
238.0,126.0,61,103
231.0,122.0,61,103
224.0,119.0,61,103
215.0,114.0,61,103
206.0,111.0,61,103
198.0,107.0,61,103
190.0,103.0,61,103
180.0,100.0,61,103
170.0,97.0,61,103
161.0,95.0,61,103
151.0,94.0,61,103
140.0,95.0,61,103
128.0,99.0,61,103
117.0,105.0,61,103
105.0,113.0,61,103
94.0,118.0,61,103
84.0,122.0,61,103
73.0,127.0,61,103
64.0,130.0,61,103
54.0,132.0,61,103
45.0,134.0,61,103
37.0,137.0,61,103
29.0,141.0,61,103
23.0,145.0,61,103
18.0,150.0,61,103
14.0,156.0,61,103
11.0,162.0,61,103
10.0,168.0,61,103
10.0,176.0,61,103
12.0,185.0,61,103
14.0,192.0,61,103
16.0,199.0,61,103
19.0,206.0,61,103
23.0,212.0,61,103
27.0,217.0,61,103
31.0,221.0,61,103
34.0,224.0,61,103
37.0,226.0,61,103
40.0,227.0,61,103
43.0,228.0,61,103
45.0,229.0,61,103
48.0,230.0,61,103
50.0,229.0,61,103
51.0,228.0,61,103
52.0,228.0,61,103
53.0,229.0,61,103
54.0,230.0,61,103
54.0,231.0,61,103
54.0,232.0,61,103
53.0,233.0,61,103
53.0,235.0,61,103
52.0,236.0,61,103
51.0,238.0,61,103
50.0,240.0,61,103
49.0,242.0,61,103
48.0,243.0,61,103
46.0,243.0,61,103
45.0,242.0,61,103
43.0,241.0,61,103
41.0,240.0,61,103
40.0,239.0,61,103
38.0,239.0,61,103
36.0,239.0,61,103
35.0,239.0,61,103
33.0,239.0,61,103
32.0,239.0,61,103
30.0,239.0,61,103
28.0,239.0,61,103
27.0,239.0,61,103
25.0,238.0,61,103
23.0,237.0,61,103
21.0,237.0,61,103
20.0,237.0,61,103
18.0,237.0,61,103
16.0,237.0,61,103
15.0,236.0,61,103
13.0,236.0,61,103
12.0,237.0,61,103
11.0,238.0,61,103
10.0,239.0,61,103
9.0,240.0,61,103
9.0,242.0,61,103
9.0,243.0,61,103
9.0,244.0,61,103
9.0,246.0,61,103
10.0,248.0,61,103
10.0,250.0,61,103
11.0,251.0,61,103
12.0,253.0,61,103
13.0,254.0,61,103
14.0,255.0,61,103
16.0,257.0,61,103
17.0,259.0,61,103
18.0,261.0,61,103
19.0,262.0,61,103
20.0,263.0,61,103
21.0,265.0,61,103
22.0,265.0,61,103
23.0,266.0,61,103
23.0,267.0,61,103
24.0,268.0,61,103
24.0,269.0,61,103
24.0,270.0,61,103
25.0,271.0,61,103
25.0,273.0,61,103
26.0,275.0,61,103
26.0,276.0,61,103
27.0,277.0,61,103
27.0,278.0,61,103
28.0,278.0,61,103
29.0,279.0,61,103
30.0,280.0,61,103
31.0,281.0,61,103
32.0,282.0,61,103
34.0,282.0,61,103
35.0,282.0,61,103
37.0,282.0,61,103
39.0,282.0,61,103
41.0,281.0,61,103
43.0,281.0,61,103
45.0,281.0,61,103
47.0,280.0,61,103
49.0,278.0,61,103
51.0,277.0,61,103
54.0,276.0,61,103
56.0,275.0,61,103
59.0,273.0,61,103
61.0,271.0,61,103
64.0,268.0,61,103
67.0,266.0,61,103
70.0,264.0,61,103
73.0,262.0,61,103
76.0,260.0,61,103
80.0,258.0,61,103
84.0,257.0,61,103
88.0,255.0,61,103
92.0,255.0,61,103
97.0,254.0,61,103
101.0,253.0,61,103
106.0,252.0,61,103
112.0,252.0,61,103
118.0,251.0,61,103
124.0,251.0,61,103
130.0,252.0,61,103
136.0,253.0,61,103
143.0,253.0,61,103
150.0,252.0,61,103
156.0,252.0,61,103
162.0,251.0,61,103
168.0,249.0,61,103
174.0,247.0,61,103
179.0,245.0,61,103
184.0,242.0,61,103
190.0,239.0,61,103
195.0,236.0,61,103
200.0,233.0,61,103
205.0,230.0,61,103
209.0,227.0,61,103
213.0,224.0,61,103
218.0,221.0,61,103
223.0,219.0,61,103
228.0,216.0,61,103
232.0,214.0,61,103
237.0,212.0,61,103
242.0,211.0,61,103
246.0,210.0,61,103
250.0,209.0,61,103
254.0,209.0,61,103
257.0,208.0,61,103
260.0,208.0,61,103
262.0,208.0,61,103
263.0,208.0,61,103
264.0,207.0,61,103
264.0,206.0,61,103
264.0,206.0,61,103
264.0,205.0,61,103
264.0,204.0,61,103
263.0,203.0,61,103
262.0,201.0,61,103
261.0,199.0,61,103
260.0,198.0,61,103
259.0,197.0,61,103
257.0,195.0,61,103
255.0,193.0,61,103
253.0,190.0,61,103
252.0,187.0,61,103
250.0,184.0,61,103
248.0,181.0,61,103
247.0,178.0,61,103
245.0,175.0,61,103
244.0,173.0,61,103
243.0,170.0,61,103
259.0,193.0,61,103
275.0,181.0,61,103
246.0,161.0,61,103
241.0,114.0,61,103
246.0,158.0,61,103
247.0,158.0,61,103
263.0,146.0,61,103
258.0,139.0,61,103
274.0,174.0,61,103
290.0,162.0,61,103
264.0,150.0,61,103
256.0,156.0,61,103
257.0,155.0,61,103
273.0,143.0,61,103
261.0,152.0,61,103
262.0,152.0,61,103
263.0,151.0,61,103
264.0,150.0,61,103
265.0,149.0,61,103
265.0,149.0,61,103
265.0,148.0,61,103
265.0,148.0,61,103
281.0,174.0,61,103
266.0,145.0,61,103
265.0,145.0,61,103
265.0,144.0,61,103
265.0,143.0,61,103
281.0,104.0,61,103
266.0,137.0,61,103
265.0,139.0,61,103
265.0,139.0,61,103
265.0,139.0,61,103
265.0,139.0,61,103
265.0,138.0,61,103
265.0,138.0,61,103
265.0,137.0,61,103
265.0,137.0,61,103
265.0,137.0,61,103
265.0,136.0,61,103
265.0,136.0,61,103
265.0,135.0,61,103
264.0,135.0,61,103
264.0,134.0,61,103
264.0,133.0,61,103
264.0,132.0,61,103
264.0,132.0,61,103
264.0,132.0,61,103
264.0,131.0,61,103
264.0,131.0,61,103
265.0,131.0,61,103
265.0,131.0,61,103
265.0,131.0,61,103
265.0,131.0,61,103
265.0,131.0,61,103
281.0,104.0,61,103
297.0,139.0,61,103
292.0,139.0,61,103
267.0,140.0,61,103
267.0,141.0,61,103
283.0,139.0,61,103
269.0,148.0,61,103
285.0,174.0,61,103
272.0,157.0,61,103
288.0,180.0,61,103
283.0,203.0,61,103
278.0,156.0,61,103
268.0,165.0,61,103
269.0,166.0,61,103
270.0,167.0,61,103
272.0,167.0,61,103
288.0,190.0,61,103
284.0,180.0,61,103
287.0,181.0,61,103
303.0,204.0,61,103
319.0,192.0,61,103
316.0,185.0,61,103
324.0,186.0,61,103
333.0,186.0,61,103
343.0,187.0,61,103
353.0,188.0,61,103
364.0,188.0,61,103
376.0,188.0,61,103
387.0,186.0,61,103
397.0,185.0,61,103
409.0,183.0,61,103
421.0,179.0,61,103
430.0,175.0,61,103
436.0,172.0,61,103
440.0,169.0,61,103
443.0,167.0,61,103
444.0,164.0,61,103
443.0,162.0,61,103
440.0,160.0,61,103
436.0,158.0,61,103
430.0,156.0,61,103
422.0,153.0,61,103
413.0,150.0,61,103
403.0,146.0,61,103
394.0,144.0,61,103
385.0,143.0,61,103
372.0,137.0,61,103
363.0,136.0,61,103
353.0,133.0,61,103
344.0,131.0,61,103
336.0,128.0,61,103
329.0,126.0,61,103
322.0,124.0,61,103
317.0,122.0,61,103
313.0,120.0,61,103
309.0,119.0,61,103
307.0,117.0,61,103
306.0,116.0,61,103
305.0,116.0,61,103
305.0,116.0,61,103
306.0,116.0,61,103
306.0,117.0,61,103
306.0,118.0,61,103
307.0,119.0,61,103
307.0,119.0,61,103
308.0,118.0,61,103
307.0,120.0,61,103
304.0,123.0,61,103
300.0,129.0,61,103
296.0,135.0,61,103
290.0,141.0,61,103
284.0,147.0,61,103
276.0,153.0,61,103
268.0,158.0,61,103
287.0,182.0,61,103
276.0,186.0,61,103
266.0,188.0,61,103
257.0,187.0,61,103
250.0,184.0,61,103
245.0,180.0,61,103
238.0,175.0,61,103
233.0,163.0,61,103
249.0,151.0,61,103
222.0,147.0,61,103
218.0,139.0,61,103
216.0,132.0,61,103
232.0,139.0,61,103
227.0,104.0,61,103
222.0,69.0,61,103
238.0,104.0,61,103
214.0,98.0,61,103
214.0,93.0,61,103
215.0,88.0,61,103
216.0,84.0,61,103
216.0,80.0,61,103
216.0,78.0,61,103
214.0,77.0,61,103
212.0,77.0,61,103
210.0,78.0,61,103
206.0,79.0,61,103
202.0,80.0,61,103
194.0,82.0,61,103
184.0,84.0,61,103
177.0,86.0,61,103
172.0,87.0,61,103
168.0,87.0,61,103
165.0,85.0,61,103
158.0,86.0,61,103
153.0,69.0,61,103
142.0,88.0,61,103
138.0,87.0,61,103
134.0,85.0,61,103
131.0,83.0,61,103
128.0,81.0,61,103
126.0,79.0,61,103
124.0,78.0,61,103
123.0,77.0,61,103
146.0,69.0,61,103
162.0,104.0,61,103
178.0,139.0,61,103
173.0,139.0,61,103
189.0,139.0,61,103
184.0,139.0,61,103
179.0,139.0,61,103
195.0,139.0,61,103
195.0,169.0,61,103
190.0,122.0,61,103
185.0,139.0,61,103
201.0,104.0,61,103
196.0,139.0,61,103
191.0,139.0,61,103
186.0,139.0,61,103
184.0,139.0,61,103
184.0,139.0,61,103
184.0,139.0,61,103
184.0,139.0,61,103
183.0,139.0,61,103
183.0,139.0,61,103
182.0,139.0,61,103
182.0,139.0,61,103
181.0,139.0,61,103
180.0,139.0,61,103
180.0,139.0,61,103
179.0,139.0,61,103
179.0,139.0,61,103
179.0,140.0,61,103
179.0,140.0,61,103
179.0,140.0,61,103
179.0,140.0,61,103
179.0,140.0,61,103
179.0,140.0,61,103
179.0,140.0,61,103
179.0,140.0,61,103
179.0,140.0,61,103
179.0,140.0,61,103
179.0,140.0,61,103
179.0,140.0,61,103
179.0,140.0,61,103
179.0,140.0,61,103
179.0,140.0,61,103
179.0,140.0,61,103
179.0,140.0,61,103
179.0,140.0,61,103
179.0,140.0,61,103
179.0,140.0,61,103
179.0,140.0,61,103
179.0,140.0,61,103
179.0,140.0,61,103
179.0,139.0,61,103
179.0,139.0,61,103
179.0,139.0,61,103
179.0,139.0,61,103
180.0,139.0,61,103
180.0,139.0,61,103
180.0,139.0,61,103
180.0,139.0,61,103
180.0,139.0,61,103
180.0,139.0,61,103
180.0,139.0,61,103
180.0,139.0,61,103
180.0,139.0,61,103
180.0,139.0,61,103
180.0,139.0,61,103
180.0,139.0,61,103
181.0,139.0,61,103
181.0,139.0,61,103
181.0,139.0,61,103
181.0,139.0,61,103
180.0,139.0,61,103
180.0,139.0,61,103
179.0,139.0,61,103
179.0,139.0,61,103
180.0,139.0,61,103
180.0,139.0,61,103
180.0,139.0,61,103
180.0,139.0,61,103
180.0,139.0,61,103
180.0,139.0,61,103
196.0,139.0,61,103
191.0,139.0,61,103
186.0,139.0,61,103
202.0,139.0,61,103
197.0,139.0,61,103
213.0,104.0,61,103
208.0,69.0,61,103
224.0,69.0,61,103
219.0,69.0,61,103
214.0,69.0,61,103
188.0,69.0,61,103
204.0,69.0,61,103
220.0,104.0,61,103
194.0,104.0,61,103
210.0,139.0,61,103
226.0,104.0,61,103
221.0,139.0,61,103
216.0,139.0,61,103
232.0,104.0,61,103
227.0,69.0,61,103
226.0,67.0,61,103
226.0,67.0,61,103
227.0,67.0,61,103
227.0,66.0,61,103
228.0,66.0,61,103
228.0,65.0,61,103
229.0,66.0,61,103
229.0,65.0,61,103
229.0,65.0,61,103
230.0,65.0,61,103
230.0,65.0,61,103
230.0,65.0,61,103
230.0,64.0,61,103
230.0,64.0,61,103
229.0,65.0,61,103
229.0,65.0,61,103
228.0,65.0,61,103
227.0,66.0,61,103
227.0,66.0,61,103
226.0,67.0,61,103
225.0,67.0,61,103
225.0,67.0,61,103
224.0,67.0,61,103
224.0,67.0,61,103
224.0,67.0,61,103
224.0,67.0,61,103
224.0,67.0,61,103
224.0,67.0,61,103
224.0,66.0,61,103
225.0,66.0,61,103
225.0,66.0,61,103
226.0,67.0,61,103
226.0,66.0,61,103
227.0,66.0,61,103
228.0,66.0,61,103
228.0,66.0,61,103
229.0,66.0,61,103
230.0,65.0,61,103
231.0,66.0,61,103
231.0,66.0,61,103
232.0,67.0,61,103
233.0,67.0,61,103
234.0,67.0,61,103
235.0,67.0,61,103
236.0,68.0,61,103
237.0,68.0,61,103
237.0,68.0,61,103
238.0,69.0,61,103
239.0,69.0,61,103
240.0,70.0,61,103
241.0,71.0,61,103
243.0,73.0,61,103
245.0,76.0,61,103
248.0,79.0,61,103
250.0,83.0,61,103
253.0,85.0,61,103
256.0,87.0,61,103
259.0,89.0,61,103
263.0,92.0,61,103
268.0,96.0,61,103
273.0,100.0,61,103
278.0,104.0,61,103
283.0,110.0,61,103
288.0,116.0,61,103
294.0,123.0,61,103
300.0,128.0,61,103
305.0,134.0,61,103
311.0,141.0,61,103
315.0,148.0,61,103
320.0,155.0,61,103
324.0,161.0,61,103
327.0,167.0,61,103
330.0,172.0,61,103
332.0,176.0,61,103
333.0,180.0,61,103
334.0,185.0,61,103
334.0,189.0,61,103
334.0,192.0,61,103
333.0,195.0,61,103
332.0,199.0,61,103
330.0,202.0,61,103
329.0,205.0,61,103
327.0,208.0,61,103
326.0,210.0,61,103
324.0,213.0,61,103
323.0,217.0,61,103
322.0,220.0,61,103
321.0,224.0,61,103
321.0,227.0,61,103
321.0,230.0,61,103
322.0,232.0,61,103
323.0,235.0,61,103
324.0,238.0,61,103
326.0,240.0,61,103
328.0,243.0,61,103
330.0,245.0,61,103
332.0,248.0,61,103
335.0,249.0,61,103
337.0,251.0,61,103
340.0,252.0,61,103
342.0,253.0,61,103
344.0,254.0,61,103
346.0,255.0,61,103
348.0,256.0,61,103
349.0,256.0,61,103
349.0,255.0,61,103
349.0,255.0,61,103
349.0,256.0,61,103
348.0,256.0,61,103
347.0,255.0,61,103
345.0,255.0,61,103
343.0,255.0,61,103
341.0,255.0,61,103