84,53,62,70
87.0,53.0,62,70
89.0,53.0,62,70
91.0,54.0,62,70
92.0,54.0,62,70
92.0,54.0,62,70
92.0,54.0,62,70
92.0,54.0,62,70
91.0,54.0,62,70
91.0,53.0,62,70
90.0,53.0,62,70
89.0,53.0,62,70
87.0,54.0,62,70
86.0,54.0,62,70
85.0,54.0,62,70
83.0,55.0,62,70
82.0,55.0,62,70
80.0,56.0,62,70
79.0,57.0,62,70
78.0,58.0,62,70
77.0,59.0,62,70
77.0,59.0,62,70
77.0,59.0,62,70
78.0,59.0,62,70
78.0,59.0,62,70
79.0,59.0,62,70
80.0,58.0,62,70
81.0,58.0,62,70
82.0,57.0,62,70
83.0,56.0,62,70
84.0,55.0,62,70
86.0,55.0,62,70
87.0,55.0,62,70
88.0,55.0,62,70
89.0,55.0,62,70
90.0,55.0,62,70
91.0,55.0,62,70
92.0,55.0,62,70
93.0,55.0,62,70
94.0,55.0,62,70
95.0,55.0,62,70
96.0,55.0,62,70
96.0,55.0,62,70
97.0,55.0,62,70
98.0,55.0,62,70
99.0,56.0,62,70
99.0,56.0,62,70
100.0,57.0,62,70
100.0,57.0,62,70
100.0,57.0,62,70
100.0,57.0,62,70
100.0,57.0,62,70
99.0,57.0,62,70
99.0,57.0,62,70
99.0,57.0,62,70
98.0,57.0,62,70
98.0,56.0,62,70
97.0,56.0,62,70
97.0,56.0,62,70
96.0,56.0,62,70
95.0,56.0,62,70
95.0,56.0,62,70
94.0,56.0,62,70
93.0,56.0,62,70
92.0,56.0,62,70
91.0,56.0,62,70
91.0,56.0,62,70
90.0,56.0,62,70
89.0,56.0,62,70
88.0,56.0,62,70
87.0,56.0,62,70
87.0,56.0,62,70
86.0,56.0,62,70
86.0,56.0,62,70
85.0,56.0,62,70
85.0,56.0,62,70
84.0,56.0,62,70
84.0,56.0,62,70
84.0,56.0,62,70
83.0,56.0,62,70
83.0,56.0,62,70
83.0,56.0,62,70
83.0,56.0,62,70
83.0,56.0,62,70
82.0,56.0,62,70
82.0,56.0,62,70
82.0,56.0,62,70
82.0,56.0,62,70
82.0,56.0,62,70
82.0,56.0,62,70
82.0,56.0,62,70
82.0,56.0,62,70
82.0,56.0,62,70
82.0,56.0,62,70
82.0,56.0,62,70
81.0,56.0,62,70
81.0,56.0,62,70
81.0,56.0,62,70
81.0,56.0,62,70
81.0,56.0,62,70
82.0,56.0,62,70
82.0,56.0,62,70
82.0,56.0,62,70
82.0,56.0,62,70
82.0,56.0,62,70
82.0,56.0,62,70
83.0,56.0,62,70
83.0,56.0,62,70
83.0,56.0,62,70
83.0,56.0,62,70
83.0,56.0,62,70
84.0,56.0,62,70
84.0,56.0,62,70
84.0,56.0,62,70
85.0,56.0,62,70
85.0,56.0,62,70
85.0,56.0,62,70
85.0,56.0,62,70
86.0,56.0,62,70
86.0,56.0,62,70
86.0,56.0,62,70
86.0,56.0,62,70
86.0,56.0,62,70
87.0,56.0,62,70
87.0,56.0,62,70
87.0,56.0,62,70
87.0,56.0,62,70
87.0,56.0,62,70
87.0,56.0,62,70
87.0,56.0,62,70
87.0,56.0,62,70
87.0,56.0,62,70
86.0,56.0,62,70
86.0,57.0,62,70
86.0,57.0,62,70
86.0,57.0,62,70
86.0,57.0,62,70
85.0,57.0,62,70
85.0,57.0,62,70
85.0,57.0,62,70
85.0,57.0,62,70
85.0,57.0,62,70
85.0,57.0,62,70
85.0,57.0,62,70
85.0,57.0,62,70
86.0,57.0,62,70
86.0,56.0,62,70
86.0,56.0,62,70
86.0,56.0,62,70
86.0,56.0,62,70
86.0,56.0,62,70
86.0,56.0,62,70
86.0,56.0,62,70
86.0,56.0,62,70
86.0,55.0,62,70
85.0,55.0,62,70
85.0,55.0,62,70
84.0,55.0,62,70
84.0,55.0,62,70
84.0,55.0,62,70
83.0,55.0,62,70
83.0,55.0,62,70
82.0,55.0,62,70
81.0,55.0,62,70
81.0,55.0,62,70
80.0,55.0,62,70
80.0,55.0,62,70
79.0,55.0,62,70
79.0,55.0,62,70
79.0,55.0,62,70
78.0,55.0,62,70
78.0,55.0,62,70
78.0,55.0,62,70
78.0,55.0,62,70
77.0,55.0,62,70
77.0,55.0,62,70
77.0,55.0,62,70
77.0,55.0,62,70
77.0,55.0,62,70
77.0,55.0,62,70
78.0,55.0,62,70
78.0,55.0,62,70
79.0,55.0,62,70
79.0,55.0,62,70
80.0,55.0,62,70
81.0,55.0,62,70
83.0,55.0,62,70
84.0,55.0,62,70
86.0,55.0,62,70
87.0,55.0,62,70
89.0,56.0,62,70
91.0,56.0,62,70
92.0,56.0,62,70
93.0,56.0,62,70
94.0,56.0,62,70
95.0,55.0,62,70
96.0,55.0,62,70
96.0,55.0,62,70
96.0,55.0,62,70
96.0,55.0,62,70
96.0,55.0,62,70
95.0,55.0,62,70
94.0,55.0,62,70
93.0,54.0,62,70
92.0,54.0,62,70
90.0,53.0,62,70
89.0,53.0,62,70
87.0,53.0,62,70
85.0,53.0,62,70
83.0,53.0,62,70
82.0,53.0,62,70
80.0,53.0,62,70
78.0,53.0,62,70
77.0,53.0,62,70
76.0,53.0,62,70
75.0,53.0,62,70
75.0,52.0,62,70
74.0,52.0,62,70
74.0,51.0,62,70
74.0,51.0,62,70
74.0,51.0,62,70
75.0,50.0,62,70
76.0,50.0,62,70
76.0,49.0,62,70
77.0,49.0,62,70
78.0,48.0,62,70
80.0,48.0,62,70
81.0,48.0,62,70
83.0,48.0,62,70
85.0,48.0,62,70
88.0,48.0,62,70
91.0,48.0,62,70
94.0,49.0,62,70
98.0,49.0,62,70
103.0,49.0,62,70
108.0,50.0,62,70
114.0,50.0,62,70
120.0,50.0,62,70
126.0,50.0,62,70
132.0,49.0,62,70
138.0,49.0,62,70
143.0,49.0,62,70
148.0,49.0,62,70
154.0,49.0,62,70
159.0,48.0,62,70
163.0,48.0,62,70
167.0,48.0,62,70
171.0,48.0,62,70
174.0,48.0,62,70
178.0,48.0,62,70
180.0,48.0,62,70
183.0,48.0,62,70
185.0,48.0,62,70
187.0,48.0,62,70
188.0,48.0,62,70
189.0,48.0,62,70
190.0,48.0,62,70
190.0,48.0,62,70
190.0,48.0,62,70
190.0,48.0,62,70
190.0,48.0,62,70
189.0,48.0,62,70
188.0,48.0,62,70
186.0,49.0,62,70
184.0,49.0,62,70
183.0,49.0,62,70
180.0,49.0,62,70
178.0,49.0,62,70
175.0,49.0,62,70
172.0,50.0,62,70
169.0,50.0,62,70
165.0,50.0,62,70
161.0,50.0,62,70
157.0,50.0,62,70
152.0,51.0,62,70
147.0,51.0,62,70
142.0,52.0,62,70
137.0,52.0,62,70
132.0,52.0,62,70
127.0,52.0,62,70
123.0,52.0,62,70
118.0,52.0,62,70
113.0,53.0,62,70
109.0,53.0,62,70
105.0,53.0,62,70
101.0,54.0,62,70
98.0,54.0,62,70
95.0,54.0,62,70
92.0,54.0,62,70
89.0,54.0,62,70
87.0,54.0,62,70
85.0,54.0,62,70
84.0,54.0,62,70
82.0,54.0,62,70
81.0,54.0,62,70
80.0,54.0,62,70
79.0,54.0,62,70
79.0,54.0,62,70
79.0,54.0,62,70
79.0,54.0,62,70
79.0,54.0,62,70
79.0,54.0,62,70
80.0,54.0,62,70
81.0,54.0,62,70
82.0,54.0,62,70
84.0,54.0,62,70
85.0,54.0,62,70
87.0,54.0,62,70
90.0,55.0,62,70
92.0,55.0,62,70
95.0,55.0,62,70
99.0,55.0,62,70
102.0,56.0,62,70
106.0,56.0,62,70
110.0,56.0,62,70
115.0,56.0,62,70
119.0,57.0,62,70
124.0,57.0,62,70
128.0,57.0,62,70
133.0,57.0,62,70
138.0,57.0,62,70
143.0,57.0,62,70
147.0,57.0,62,70
152.0,57.0,62,70
156.0,58.0,62,70
161.0,58.0,62,70
165.0,58.0,62,70
169.0,58.0,62,70
173.0,58.0,62,70
176.0,58.0,62,70
180.0,58.0,62,70
183.0,58.0,62,70
186.0,58.0,62,70
189.0,58.0,62,70
191.0,58.0,62,70
194.0,58.0,62,70
196.0,58.0,62,70
197.0,58.0,62,70
199.0,58.0,62,70
200.0,58.0,62,70
201.0,58.0,62,70
201.0,58.0,62,70
201.0,58.0,62,70
201.0,58.0,62,70
201.0,58.0,62,70
201.0,57.0,62,70
200.0,57.0,62,70
199.0,57.0,62,70
198.0,57.0,62,70
197.0,57.0,62,70
196.0,57.0,62,70
194.0,57.0,62,70
193.0,56.0,62,70
191.0,56.0,62,70
189.0,56.0,62,70
187.0,56.0,62,70
185.0,55.0,62,70
182.0,55.0,62,70
180.0,55.0,62,70
177.0,55.0,62,70
175.0,54.0,62,70
172.0,54.0,62,70
169.0,54.0,62,70
166.0,54.0,62,70
164.0,53.0,62,70
161.0,53.0,62,70
158.0,52.0,62,70
155.0,52.0,62,70
152.0,52.0,62,70
150.0,51.0,62,70
147.0,51.0,62,70
145.0,51.0,62,70
142.0,51.0,62,70
140.0,51.0,62,70
138.0,51.0,62,70
136.0,51.0,62,70
134.0,51.0,62,70
133.0,51.0,62,70
131.0,51.0,62,70
130.0,51.0,62,70
129.0,51.0,62,70
128.0,51.0,62,70
127.0,51.0,62,70
127.0,50.0,62,70
126.0,51.0,62,70
126.0,51.0,62,70
126.0,50.0,62,70
127.0,50.0,62,70
127.0,50.0,62,70
128.0,50.0,62,70
128.0,50.0,62,70
129.0,50.0,62,70
130.0,50.0,62,70
131.0,50.0,62,70
133.0,50.0,62,70
135.0,49.0,62,70
137.0,49.0,62,70
140.0,48.0,62,70
142.0,48.0,62,70
145.0,47.0,62,70
148.0,47.0,62,70
151.0,47.0,62,70
155.0,46.0,62,70
159.0,46.0,62,70
163.0,45.0,62,70
166.0,45.0,62,70
170.0,45.0,62,70
174.0,45.0,62,70
178.0,44.0,62,70
182.0,44.0,62,70
186.0,44.0,62,70
190.0,43.0,62,70
194.0,43.0,62,70
197.0,43.0,62,70
201.0,43.0,62,70
204.0,43.0,62,70
207.0,43.0,62,70
210.0,43.0,62,70
213.0,43.0,62,70
215.0,43.0,62,70
218.0,43.0,62,70
220.0,43.0,62,70
222.0,43.0,62,70
223.0,43.0,62,70
225.0,43.0,62,70
226.0,43.0,62,70
226.0,43.0,62,70
227.0,42.0,62,70
227.0,42.0,62,70
227.0,42.0,62,70
226.0,42.0,62,70
225.0,42.0,62,70
224.0,42.0,62,70
223.0,41.0,62,70
221.0,41.0,62,70
219.0,41.0,62,70
217.0,41.0,62,70
214.0,41.0,62,70
212.0,40.0,62,70
209.0,40.0,62,70
205.0,40.0,62,70
201.0,40.0,62,70
198.0,39.0,62,70
194.0,39.0,62,70
190.0,38.0,62,70
186.0,38.0,62,70
181.0,38.0,62,70
177.0,38.0,62,70
172.0,38.0,62,70
168.0,38.0,62,70
164.0,38.0,62,70
160.0,38.0,62,70
156.0,38.0,62,70
152.0,38.0,62,70
149.0,38.0,62,70
145.0,38.0,62,70
142.0,38.0,62,70
139.0,38.0,62,70
137.0,38.0,62,70
134.0,38.0,62,70
132.0,38.0,62,70
130.0,38.0,62,70
129.0,38.0,62,70
128.0,39.0,62,70
127.0,39.0,62,70
126.0,40.0,62,70
126.0,40.0,62,70
126.0,40.0,62,70
127.0,41.0,62,70
127.0,41.0,62,70
128.0,42.0,62,70
129.0,43.0,62,70
131.0,43.0,62,70
132.0,44.0,62,70
134.0,44.0,62,70
136.0,44.0,62,70
137.0,45.0,62,70
139.0,45.0,62,70
141.0,46.0,62,70
142.0,47.0,62,70
144.0,47.0,62,70
145.0,48.0,62,70
146.0,49.0,62,70
148.0,49.0,62,70
148.0,50.0,62,70
149.0,50.0,62,70
150.0,51.0,62,70
150.0,51.0,62,70
151.0,51.0,62,70
151.0,51.0,62,70
151.0,52.0,62,70
151.0,52.0,62,70
151.0,52.0,62,70
150.0,52.0,62,70
150.0,52.0,62,70
149.0,52.0,62,70
148.0,52.0,62,70
147.0,52.0,62,70
146.0,53.0,62,70
144.0,53.0,62,70
143.0,53.0,62,70
141.0,54.0,62,70
139.0,54.0,62,70
136.0,55.0,62,70
134.0,55.0,62,70
131.0,56.0,62,70
128.0,56.0,62,70
125.0,57.0,62,70
122.0,57.0,62,70
119.0,57.0,62,70
116.0,58.0,62,70
113.0,58.0,62,70
109.0,59.0,62,70
106.0,60.0,62,70
103.0,60.0,62,70
100.0,61.0,62,70
98.0,61.0,62,70
95.0,61.0,62,70
93.0,62.0,62,70
91.0,62.0,62,70
89.0,62.0,62,70
88.0,62.0,62,70
86.0,62.0,62,70
85.0,62.0,62,70
84.0,63.0,62,70
83.0,63.0,62,70
82.0,63.0,62,70
82.0,63.0,62,70
81.0,63.0,62,70
81.0,63.0,62,70
81.0,63.0,62,70
81.0,63.0,62,70
81.0,63.0,62,70
81.0,63.0,62,70
81.0,63.0,62,70
82.0,63.0,62,70
82.0,63.0,62,70
83.0,62.0,62,70
84.0,62.0,62,70
85.0,62.0,62,70
86.0,62.0,62,70
88.0,62.0,62,70
89.0,62.0,62,70
91.0,62.0,62,70
92.0,62.0,62,70
94.0,62.0,62,70
96.0,62.0,62,70
98.0,62.0,62,70
100.0,62.0,62,70
102.0,62.0,62,70
105.0,62.0,62,70
107.0,62.0,62,70
109.0,62.0,62,70
112.0,62.0,62,70
114.0,62.0,62,70
117.0,62.0,62,70
119.0,62.0,62,70
122.0,62.0,62,70
124.0,62.0,62,70
127.0,62.0,62,70
129.0,62.0,62,70
132.0,63.0,62,70
134.0,63.0,62,70
136.0,64.0,62,70
138.0,64.0,62,70
139.0,64.0,62,70
141.0,63.0,62,70
142.0,63.0,62,70
144.0,63.0,62,70
145.0,63.0,62,70
146.0,63.0,62,70
147.0,63.0,62,70
147.0,63.0,62,70
147.0,63.0,62,70
148.0,63.0,62,70
148.0,63.0,62,70
147.0,63.0,62,70
147.0,63.0,62,70
146.0,63.0,62,70
146.0,62.0,62,70
145.0,62.0,62,70
144.0,62.0,62,70
143.0,62.0,62,70
142.0,61.0,62,70
141.0,61.0,62,70
140.0,60.0,62,70
138.0,60.0,62,70
137.0,59.0,62,70
135.0,59.0,62,70
134.0,58.0,62,70
132.0,58.0,62,70
130.0,58.0,62,70
129.0,57.0,62,70
127.0,57.0,62,70
126.0,57.0,62,70
125.0,57.0,62,70
123.0,57.0,62,70
122.0,57.0,62,70
121.0,56.0,62,70
120.0,56.0,62,70
120.0,56.0,62,70
119.0,56.0,62,70
119.0,55.0,62,70
118.0,55.0,62,70
118.0,55.0,62,70
118.0,55.0,62,70
119.0,55.0,62,70
119.0,55.0,62,70
120.0,55.0,62,70
121.0,55.0,62,70
122.0,55.0,62,70
123.0,55.0,62,70
125.0,55.0,62,70
126.0,55.0,62,70
128.0,55.0,62,70
130.0,54.0,62,70
133.0,54.0,62,70
135.0,54.0,62,70
138.0,53.0,62,70
140.0,53.0,62,70
143.0,52.0,62,70
146.0,52.0,62,70
150.0,51.0,62,70
153.0,51.0,62,70
156.0,51.0,62,70
160.0,50.0,62,70
163.0,50.0,62,70
166.0,50.0,62,70
170.0,49.0,62,70
173.0,49.0,62,70
176.0,49.0,62,70
179.0,49.0,62,70
182.0,49.0,62,70
185.0,49.0,62,70
188.0,48.0,62,70
191.0,48.0,62,70
194.0,48.0,62,70
197.0,48.0,62,70
199.0,48.0,62,70
201.0,48.0,62,70
203.0,49.0,62,70
205.0,49.0,62,70
207.0,48.0,62,70
208.0,48.0,62,70
209.0,48.0,62,70
210.0,48.0,62,70
211.0,48.0,62,70
211.0,48.0,62,70
212.0,48.0,62,70
212.0,48.0,62,70
212.0,48.0,62,70
212.0,48.0,62,70
212.0,47.0,62,70
211.0,47.0,62,70
211.0,47.0,62,70
210.0,47.0,62,70
209.0,47.0,62,70
207.0,47.0,62,70
206.0,47.0,62,70
204.0,47.0,62,70
203.0,46.0,62,70
200.0,46.0,62,70
198.0,46.0,62,70
196.0,45.0,62,70
193.0,45.0,62,70
190.0,44.0,62,70
187.0,44.0,62,70
184.0,44.0,62,70
181.0,43.0,62,70
177.0,43.0,62,70
173.0,43.0,62,70
170.0,42.0,62,70
166.0,42.0,62,70
162.0,42.0,62,70
158.0,42.0,62,70
155.0,41.0,62,70
151.0,41.0,62,70
147.0,41.0,62,70
143.0,41.0,62,70
140.0,41.0,62,70
137.0,41.0,62,70
133.0,41.0,62,70
130.0,41.0,62,70
127.0,41.0,62,70
124.0,41.0,62,70
122.0,41.0,62,70
119.0,41.0,62,70
117.0,41.0,62,70
115.0,41.0,62,70
113.0,41.0,62,70
111.0,41.0,62,70
109.0,42.0,62,70
108.0,41.0,62,70
107.0,41.0,62,70
106.0,41.0,62,70
105.0,41.0,62,70
105.0,41.0,62,70
105.0,41.0,62,70
105.0,41.0,62,70
105.0,41.0,62,70
105.0,41.0,62,70
106.0,41.0,62,70
107.0,41.0,62,70
108.0,41.0,62,70
109.0,41.0,62,70
110.0,41.0,62,70
111.0,41.0,62,70
112.0,41.0,62,70
114.0,41.0,62,70
115.0,41.0,62,70
117.0,41.0,62,70
118.0,42.0,62,70
120.0,42.0,62,70
121.0,42.0,62,70
123.0,42.0,62,70
124.0,43.0,62,70
126.0,43.0,62,70
127.0,44.0,62,70
128.0,45.0,62,70
129.0,45.0,62,70
130.0,45.0,62,70
131.0,45.0,62,70
131.0,46.0,62,70
132.0,46.0,62,70
132.0,46.0,62,70
132.0,46.0,62,70
132.0,46.0,62,70
131.0,46.0,62,70
131.0,46.0,62,70
130.0,46.0,62,70
129.0,46.0,62,70
127.0,47.0,62,70
126.0,47.0,62,70
124.0,47.0,62,70
122.0,47.0,62,70
119.0,47.0,62,70
116.0,48.0,62,70
113.0,48.0,62,70
110.0,48.0,62,70
106.0,48.0,62,70
102.0,49.0,62,70
98.0,49.0,62,70
94.0,50.0,62,70
89.0,50.0,62,70
85.0,50.0,62,70
80.0,51.0,62,70
76.0,51.0,62,70
72.0,51.0,62,70
68.0,52.0,62,70
64.0,52.0,62,70
61.0,52.0,62,70
58.0,52.0,62,70
55.0,53.0,62,70
52.0,53.0,62,70
50.0,53.0,62,70
49.0,53.0,62,70
47.0,53.0,62,70
46.0,53.0,62,70
46.0,53.0,62,70
45.0,53.0,62,70
45.0,53.0,62,70
45.0,53.0,62,70
45.0,53.0,62,70
46.0,54.0,62,70
47.0,54.0,62,70
48.0,54.0,62,70
49.0,54.0,62,70
50.0,54.0,62,70
52.0,54.0,62,70
54.0,55.0,62,70
56.0,55.0,62,70
58.0,55.0,62,70
61.0,55.0,62,70
64.0,56.0,62,70
67.0,56.0,62,70
70.0,57.0,62,70
73.0,57.0,62,70
76.0,57.0,62,70
80.0,57.0,62,70
83.0,57.0,62,70
87.0,58.0,62,70
90.0,58.0,62,70
94.0,58.0,62,70
97.0,59.0,62,70
100.0,59.0,62,70
103.0,60.0,62,70
105.0,60.0,62,70
108.0,61.0,62,70
110.0,61.0,62,70
112.0,62.0,62,70
114.0,62.0,62,70
115.0,62.0,62,70
117.0,62.0,62,70
118.0,62.0,62,70
119.0,63.0,62,70
119.0,63.0,62,70
120.0,63.0,62,70
120.0,63.0,62,70
120.0,64.0,62,70
120.0,64.0,62,70
120.0,64.0,62,70
119.0,65.0,62,70
119.0,65.0,62,70
118.0,65.0,62,70
117.0,65.0,62,70
117.0,65.0,62,70
116.0,65.0,62,70
116.0,65.0,62,70
115.0,66.0,62,70
115.0,66.0,62,70
114.0,67.0,62,70
114.0,67.0,62,70
114.0,67.0,62,70
114.0,67.0,62,70
114.0,68.0,62,70
115.0,68.0,62,70
115.0,68.0,62,70
116.0,68.0,62,70
117.0,67.0,62,70
118.0,67.0,62,70
119.0,67.0,62,70
120.0,67.0,62,70
122.0,67.0,62,70
123.0,67.0,62,70
125.0,67.0,62,70
127.0,67.0,62,70
130.0,67.0,62,70
133.0,66.0,62,70
135.0,66.0,62,70
139.0,66.0,62,70
142.0,66.0,62,70
145.0,66.0,62,70
149.0,66.0,62,70
153.0,66.0,62,70
156.0,66.0,62,70
160.0,66.0,62,70
164.0,66.0,62,70
168.0,66.0,62,70
171.0,66.0,62,70
174.0,66.0,62,70
177.0,66.0,62,70
180.0,66.0,62,70
183.0,66.0,62,70
186.0,65.0,62,70
188.0,65.0,62,70
190.0,65.0,62,70
192.0,65.0,62,70
194.0,65.0,62,70
195.0,65.0,62,70
197.0,65.0,62,70
198.0,65.0,62,70
199.0,65.0,62,70
199.0,65.0,62,70
199.0,65.0,62,70
200.0,65.0,62,70
200.0,65.0,62,70
199.0,65.0,62,70
199.0,65.0,62,70
198.0,65.0,62,70
197.0,65.0,62,70
197.0,64.0,62,70
195.0,64.0,62,70
194.0,64.0,62,70
192.0,63.0,62,70
190.0,63.0,62,70
188.0,62.0,62,70
186.0,62.0,62,70
184.0,61.0,62,70
181.0,61.0,62,70
178.0,60.0,62,70
176.0,59.0,62,70
173.0,58.0,62,70
170.0,57.0,62,70
167.0,57.0,62,70
165.0,56.0,62,70
162.0,56.0,62,70
159.0,56.0,62,70
157.0,55.0,62,70
154.0,55.0,62,70
152.0,55.0,62,70
150.0,54.0,62,70
148.0,54.0,62,70
147.0,53.0,62,70
145.0,53.0,62,70
144.0,53.0,62,70
143.0,53.0,62,70
142.0,53.0,62,70
141.0,53.0,62,70
141.0,53.0,62,70
140.0,53.0,62,70
140.0,53.0,62,70
140.0,53.0,62,70
141.0,52.0,62,70
141.0,52.0,62,70
142.0,52.0,62,70
142.0,52.0,62,70
143.0,52.0,62,70
144.0,51.0,62,70
145.0,50.0,62,70
146.0,50.0,62,70
147.0,49.0,62,70
149.0,48.0,62,70
150.0,48.0,62,70
151.0,47.0,62,70
153.0,46.0,62,70
155.0,45.0,62,70
156.0,44.0,62,70
158.0,43.0,62,70
160.0,42.0,62,70
162.0,41.0,62,70
164.0,40.0,62,70
165.0,40.0,62,70
167.0,39.0,62,70
169.0,39.0,62,70
171.0,38.0,62,70
173.0,38.0,62,70
174.0,38.0,62,70
175.0,38.0,62,70
177.0,37.0,62,70
178.0,37.0,62,70
179.0,36.0,62,70
179.0,36.0,62,70
180.0,36.0,62,70
180.0,36.0,62,70
181.0,35.0,62,70
180.0,35.0,62,70
180.0,35.0,62,70
179.0,35.0,62,70
178.0,34.0,62,70
177.0,34.0,62,70
175.0,34.0,62,70
173.0,34.0,62,70
171.0,34.0,62,70
169.0,34.0,62,70
166.0,34.0,62,70
162.0,34.0,62,70
159.0,33.0,62,70
156.0,32.0,62,70
152.0,32.0,62,70
148.0,31.0,62,70
144.0,31.0,62,70
140.0,31.0,62,70
136.0,31.0,62,70
132.0,31.0,62,70
128.0,31.0,62,70
125.0,31.0,62,70
121.0,31.0,62,70
119.0,30.0,62,70
116.0,30.0,62,70
114.0,30.0,62,70
112.0,30.0,62,70
110.0,31.0,62,70
109.0,31.0,62,70
108.0,31.0,62,70
107.0,32.0,62,70
107.0,32.0,62,70
107.0,33.0,62,70
107.0,34.0,62,70
107.0,35.0,62,70
108.0,36.0,62,70
109.0,37.0,62,70
110.0,38.0,62,70
111.0,40.0,62,70
112.0,41.0,62,70
113.0,42.0,62,70
114.0,43.0,62,70
115.0,43.0,62,70
115.0,43.0,62,70
116.0,43.0,62,70
116.0,43.0,62,70
116.0,43.0,62,70
116.0,43.0,62,70
116.0,43.0,62,70
115.0,43.0,62,70
115.0,43.0,62,70
114.0,43.0,62,70
113.0,43.0,62,70
112.0,43.0,62,70
110.0,44.0,62,70
109.0,44.0,62,70
107.0,44.0,62,70
105.0,45.0,62,70
104.0,45.0,62,70
101.0,46.0,62,70
99.0,46.0,62,70
97.0,47.0,62,70
94.0,47.0,62,70
92.0,48.0,62,70
89.0,48.0,62,70
86.0,49.0,62,70
84.0,50.0,62,70
81.0,50.0,62,70
79.0,51.0,62,70
77.0,52.0,62,70
75.0,52.0,62,70
73.0,53.0,62,70
71.0,53.0,62,70
69.0,54.0,62,70
68.0,54.0,62,70
67.0,54.0,62,70
66.0,54.0,62,70
65.0,54.0,62,70
64.0,54.0,62,70
63.0,54.0,62,70
63.0,54.0,62,70
63.0,54.0,62,70
63.0,54.0,62,70
63.0,54.0,62,70
63.0,54.0,62,70
64.0,54.0,62,70
65.0,54.0,62,70
66.0,54.0,62,70
67.0,54.0,62,70
69.0,54.0,62,70
71.0,54.0,62,70
73.0,54.0,62,70
76.0,54.0,62,70
78.0,54.0,62,70
82.0,55.0,62,70
85.0,55.0,62,70
88.0,55.0,62,70
92.0,55.0,62,70
96.0,55.0,62,70
100.0,56.0,62,70
105.0,56.0,62,70
109.0,56.0,62,70
113.0,56.0,62,70
117.0,56.0,62,70
121.0,56.0,62,70
125.0,57.0,62,70
129.0,57.0,62,70
132.0,57.0,62,70
136.0,57.0,62,70
139.0,58.0,62,70
142.0,58.0,62,70
145.0,58.0,62,70
147.0,58.0,62,70
150.0,58.0,62,70
152.0,58.0,62,70
154.0,58.0,62,70
156.0,58.0,62,70
158.0,58.0,62,70
160.0,58.0,62,70
162.0,58.0,62,70
163.0,58.0,62,70
164.0,58.0,62,70
166.0,58.0,62,70
167.0,58.0,62,70
168.0,58.0,62,70
168.0,58.0,62,70
169.0,58.0,62,70
170.0,58.0,62,70
170.0,58.0,62,70
171.0,58.0,62,70
171.0,58.0,62,70
171.0,58.0,62,70
171.0,58.0,62,70
171.0,58.0,62,70
171.0,58.0,62,70
171.0,58.0,62,70
170.0,58.0,62,70
170.0,57.0,62,70
169.0,57.0,62,70
169.0,56.0,62,70
168.0,56.0,62,70
167.0,55.0,62,70
165.0,55.0,62,70
164.0,54.0,62,70
163.0,53.0,62,70
162.0,52.0,62,70
160.0,52.0,62,70
159.0,51.0,62,70
157.0,50.0,62,70
156.0,50.0,62,70
154.0,50.0,62,70
153.0,49.0,62,70
152.0,49.0,62,70
151.0,49.0,62,70
150.0,48.0,62,70
149.0,48.0,62,70
148.0,48.0,62,70
148.0,47.0,62,70
147.0,47.0,62,70
146.0,47.0,62,70
146.0,47.0,62,70
146.0,46.0,62,70
146.0,46.0,62,70
146.0,46.0,62,70
146.0,46.0,62,70
147.0,46.0,62,70
148.0,45.0,62,70
149.0,45.0,62,70
150.0,45.0,62,70
151.0,45.0,62,70
152.0,45.0,62,70
154.0,44.0,62,70
156.0,44.0,62,70
158.0,43.0,62,70
160.0,42.0,62,70
162.0,42.0,62,70
164.0,41.0,62,70
167.0,40.0,62,70
169.0,39.0,62,70
172.0,38.0,62,70
174.0,38.0,62,70
177.0,37.0,62,70
180.0,36.0,62,70
183.0,35.0,62,70
185.0,34.0,62,70
188.0,33.0,62,70
190.0,33.0,62,70
193.0,32.0,62,70
195.0,32.0,62,70
197.0,32.0,62,70
200.0,31.0,62,70
201.0,31.0,62,70
203.0,30.0,62,70
204.0,30.0,62,70
206.0,29.0,62,70
206.0,29.0,62,70
207.0,29.0,62,70
207.0,29.0,62,70
207.0,29.0,62,70
206.0,29.0,62,70
205.0,29.0,62,70
204.0,29.0,62,70
203.0,29.0,62,70
201.0,29.0,62,70
199.0,29.0,62,70
196.0,30.0,62,70
194.0,30.0,62,70
191.0,30.0,62,70
188.0,30.0,62,70
185.0,30.0,62,70
181.0,31.0,62,70
178.0,31.0,62,70
174.0,31.0,62,70
169.0,31.0,62,70
165.0,31.0,62,70
161.0,30.0,62,70
156.0,30.0,62,70
152.0,30.0,62,70
147.0,30.0,62,70
141.0,30.0,62,70
137.0,29.0,62,70
131.0,29.0,62,70
127.0,28.0,62,70
122.0,28.0,62,70
117.0,29.0,62,70
113.0,29.0,62,70
108.0,30.0,62,70
104.0,30.0,62,70
100.0,31.0,62,70
97.0,32.0,62,70
93.0,33.0,62,70
90.0,33.0,62,70
87.0,34.0,62,70
85.0,35.0,62,70
83.0,35.0,62,70
81.0,36.0,62,70
79.0,36.0,62,70
78.0,36.0,62,70
77.0,36.0,62,70
76.0,37.0,62,70
76.0,37.0,62,70
76.0,37.0,62,70
76.0,38.0,62,70
76.0,38.0,62,70
77.0,39.0,62,70
78.0,39.0,62,70
79.0,40.0,62,70
80.0,41.0,62,70
82.0,41.0,62,70
83.0,42.0,62,70
85.0,43.0,62,70
86.0,45.0,62,70
88.0,45.0,62,70
89.0,46.0,62,70
90.0,47.0,62,70
91.0,48.0,62,70
92.0,48.0,62,70
93.0,48.0,62,70
93.0,48.0,62,70
94.0,48.0,62,70
94.0,48.0,62,70
94.0,48.0,62,70
93.0,48.0,62,70
93.0,48.0,62,70
92.0,48.0,62,70
91.0,48.0,62,70
90.0,48.0,62,70
89.0,49.0,62,70
87.0,49.0,62,70
85.0,49.0,62,70
83.0,50.0,62,70
81.0,50.0,62,70
78.0,51.0,62,70
75.0,52.0,62,70
72.0,52.0,62,70
69.0,53.0,62,70
66.0,54.0,62,70
63.0,54.0,62,70
60.0,55.0,62,70
57.0,56.0,62,70
54.0,56.0,62,70
51.0,57.0,62,70
49.0,58.0,62,70
46.0,58.0,62,70
45.0,59.0,62,70
43.0,59.0,62,70
42.0,59.0,62,70
41.0,59.0,62,70
40.0,59.0,62,70
40.0,59.0,62,70
40.0,59.0,62,70
40.0,59.0,62,70
40.0,59.0,62,70
41.0,59.0,62,70
42.0,59.0,62,70
43.0,59.0,62,70
44.0,59.0,62,70
46.0,59.0,62,70
48.0,59.0,62,70
50.0,59.0,62,70
53.0,59.0,62,70
56.0,60.0,62,70
59.0,60.0,62,70
63.0,60.0,62,70
67.0,60.0,62,70
72.0,61.0,62,70
76.0,61.0,62,70
81.0,61.0,62,70
86.0,62.0,62,70
91.0,62.0,62,70
96.0,62.0,62,70
100.0,62.0,62,70
104.0,62.0,62,70
108.0,62.0,62,70
112.0,63.0,62,70
115.0,63.0,62,70
118.0,63.0,62,70
121.0,63.0,62,70
123.0,63.0,62,70
126.0,63.0,62,70
128.0,63.0,62,70
129.0,63.0,62,70
131.0,63.0,62,70
132.0,63.0,62,70
132.0,63.0,62,70
133.0,63.0,62,70
133.0,63.0,62,70
132.0,63.0,62,70
132.0,63.0,62,70
131.0,63.0,62,70
129.0,63.0,62,70
128.0,63.0,62,70
126.0,63.0,62,70
124.0,63.0,62,70
121.0,62.0,62,70
118.0,62.0,62,70
115.0,62.0,62,70
112.0,61.0,62,70
108.0,61.0,62,70
104.0,61.0,62,70
100.0,60.0,62,70
96.0,59.0,62,70
91.0,58.0,62,70
87.0,57.0,62,70
82.0,57.0,62,70
78.0,56.0,62,70
73.0,56.0,62,70
69.0,55.0,62,70
65.0,55.0,62,70
61.0,55.0,62,70
58.0,54.0,62,70
54.0,54.0,62,70
51.0,53.0,62,70
49.0,53.0,62,70
46.0,53.0,62,70
44.0,52.0,62,70
42.0,52.0,62,70
41.0,52.0,62,70
40.0,52.0,62,70
39.0,52.0,62,70
39.0,52.0,62,70
39.0,52.0,62,70
39.0,52.0,62,70
39.0,51.0,62,70
40.0,51.0,62,70
41.0,51.0,62,70
42.0,51.0,62,70
43.0,51.0,62,70
44.0,51.0,62,70
46.0,51.0,62,70
48.0,50.0,62,70
50.0,50.0,62,70
53.0,49.0,62,70
56.0,48.0,62,70
59.0,48.0,62,70
62.0,47.0,62,70
65.0,46.0,62,70
68.0,45.0,62,70
71.0,44.0,62,70
75.0,43.0,62,70
78.0,43.0,62,70
81.0,42.0,62,70
85.0,42.0,62,70
88.0,41.0,62,70
91.0,41.0,62,70
94.0,41.0,62,70
97.0,41.0,62,70
100.0,41.0,62,70
103.0,41.0,62,70
105.0,41.0,62,70
107.0,41.0,62,70
109.0,40.0,62,70
111.0,40.0,62,70
113.0,40.0,62,70
114.0,40.0,62,70
115.0,39.0,62,70
116.0,39.0,62,70
116.0,38.0,62,70
117.0,38.0,62,70
117.0,37.0,62,70
118.0,36.0,62,70
118.0,36.0,62,70
118.0,36.0,62,70
118.0,35.0,62,70
118.0,35.0,62,70
117.0,34.0,62,70
116.0,34.0,62,70
115.0,33.0,62,70
114.0,32.0,62,70
113.0,32.0,62,70
112.0,32.0,62,70
111.0,31.0,62,70
110.0,31.0,62,70
110.0,31.0,62,70
109.0,31.0,62,70
108.0,31.0,62,70
108.0,31.0,62,70
107.0,31.0,62,70
107.0,31.0,62,70
107.0,30.0,62,70
107.0,30.0,62,70
107.0,30.0,62,70
108.0,29.0,62,70
108.0,29.0,62,70
110.0,29.0,62,70
111.0,29.0,62,70
113.0,28.0,62,70
115.0,28.0,62,70
117.0,28.0,62,70
120.0,28.0,62,70
123.0,28.0,62,70
127.0,28.0,62,70
130.0,28.0,62,70
134.0,28.0,62,70
138.0,28.0,62,70
143.0,28.0,62,70
147.0,28.0,62,70
152.0,28.0,62,70
157.0,28.0,62,70
162.0,29.0,62,70
167.0,29.0,62,70
171.0,29.0,62,70
175.0,29.0,62,70
179.0,29.0,62,70
182.0,29.0,62,70
185.0,29.0,62,70
188.0,29.0,62,70
190.0,29.0,62,70
192.0,29.0,62,70
195.0,28.0,62,70
196.0,28.0,62,70
197.0,28.0,62,70
198.0,28.0,62,70
199.0,28.0,62,70
200.0,28.0,62,70
200.0,29.0,62,70
200.0,29.0,62,70
200.0,30.0,62,70
200.0,31.0,62,70
200.0,32.0,62,70
200.0,33.0,62,70
199.0,35.0,62,70
199.0,36.0,62,70
199.0,37.0,62,70
199.0,39.0,62,70
199.0,40.0,62,70
199.0,42.0,62,70
199.0,43.0,62,70
199.0,45.0,62,70
199.0,46.0,62,70
199.0,47.0,62,70
199.0,47.0,62,70
200.0,46.0,62,70
201.0,46.0,62,70
202.0,46.0,62,70
203.0,47.0,62,70
205.0,47.0,62,70
206.0,48.0,62,70
207.0,48.0,62,70
209.0,49.0,62,70
211.0,49.0,62,70
212.0,50.0,62,70
214.0,51.0,62,70
216.0,52.0,62,70
219.0,52.0,62,70
221.0,52.0,62,70
223.0,52.0,62,70
225.0,53.0,62,70
226.0,54.0,62,70
227.0,55.0,62,70
228.0,55.0,62,70
228.0,55.0,62,70
228.0,55.0,62,70
228.0,55.0,62,70
228.0,55.0,62,70
227.0,55.0,62,70
225.0,56.0,62,70
223.0,56.0,62,70
221.0,56.0,62,70
219.0,56.0,62,70
215.0,57.0,62,70
212.0,57.0,62,70
208.0,57.0,62,70
204.0,57.0,62,70
200.0,57.0,62,70
195.0,57.0,62,70
190.0,57.0,62,70
185.0,57.0,62,70
179.0,58.0,62,70
174.0,57.0,62,70
169.0,57.0,62,70
164.0,56.0,62,70
159.0,55.0,62,70
154.0,55.0,62,70
150.0,54.0,62,70
145.0,54.0,62,70
141.0,54.0,62,70
137.0,54.0,62,70
133.0,54.0,62,70
130.0,53.0,62,70
127.0,53.0,62,70
124.0,53.0,62,70
121.0,53.0,62,70
118.0,53.0,62,70
115.0,53.0,62,70
113.0,52.0,62,70
110.0,52.0,62,70
108.0,52.0,62,70
106.0,51.0,62,70
104.0,50.0,62,70
102.0,49.0,62,70
100.0,48.0,62,70
98.0,47.0,62,70
97.0,46.0,62,70
95.0,45.0,62,70
93.0,45.0,62,70
91.0,45.0,62,70
89.0,45.0,62,70
87.0,45.0,62,70
85.0,44.0,62,70
83.0,43.0,62,70
81.0,42.0,62,70
79.0,42.0,62,70
77.0,42.0,62,70
75.0,42.0,62,70
73.0,41.0,62,70
71.0,41.0,62,70
69.0,41.0,62,70
67.0,40.0,62,70
65.0,40.0,62,70
62.0,41.0,62,70
60.0,41.0,62,70
58.0,41.0,62,70
55.0,42.0,62,70
52.0,43.0,62,70
49.0,44.0,62,70
46.0,45.0,62,70
43.0,45.0,62,70
40.0,46.0,62,70
37.0,47.0,62,70
35.0,48.0,62,70
32.0,48.0,62,70
30.0,49.0,62,70
27.0,49.0,62,70
25.0,50.0,62,70
23.0,50.0,62,70