276,161,73,74
278.0,161.0,73,74
280.0,161.0,73,74
283.0,160.0,73,74
286.0,160.0,73,74
290.0,160.0,73,74
293.0,160.0,73,74
297.0,160.0,73,74
301.0,160.0,73,74
304.0,160.0,73,74
306.0,161.0,73,74
308.0,161.0,73,74
309.0,158.0,73,74
310.0,153.0,73,74
311.0,147.0,73,74
312.0,142.0,73,74
312.0,140.0,73,74
312.0,141.0,73,74
312.0,143.0,73,74
311.0,146.0,73,74
310.0,149.0,73,74
310.0,150.0,73,74
309.0,151.0,73,74
309.0,152.0,73,74
309.0,153.0,73,74
308.0,154.0,73,74
307.0,155.0,73,74
306.0,157.0,73,74
306.0,158.0,73,74
306.0,160.0,73,74
305.0,161.0,73,74
305.0,162.0,73,74
305.0,163.0,73,74
304.0,163.0,73,74
304.0,163.0,73,74
303.0,162.0,73,74
302.0,162.0,73,74
301.0,162.0,73,74
301.0,163.0,73,74
300.0,165.0,73,74
299.0,167.0,73,74
298.0,168.0,73,74
299.0,170.0,73,74
300.0,171.0,73,74
300.0,172.0,73,74
300.0,172.0,73,74
301.0,172.0,73,74
301.0,172.0,73,74
301.0,172.0,73,74
301.0,172.0,73,74
301.0,173.0,73,74
301.0,173.0,73,74
300.0,174.0,73,74
300.0,174.0,73,74
300.0,174.0,73,74
299.0,175.0,73,74
299.0,175.0,73,74
300.0,176.0,73,74
299.0,177.0,73,74
299.0,178.0,73,74
299.0,179.0,73,74
299.0,180.0,73,74
300.0,181.0,73,74
301.0,181.0,73,74
303.0,179.0,73,74
304.0,176.0,73,74
304.0,175.0,73,74
305.0,174.0,73,74
305.0,174.0,73,74
305.0,176.0,73,74
305.0,181.0,73,74
305.0,188.0,73,74
305.0,194.0,73,74
305.0,199.0,73,74
305.0,200.0,73,74
304.0,199.0,73,74
303.0,198.0,73,74
301.0,198.0,73,74
300.0,201.0,73,74
298.0,203.0,73,74
297.0,206.0,73,74
296.0,208.0,73,74
295.0,211.0,73,74
294.0,213.0,73,74
294.0,215.0,73,74
293.0,216.0,73,74
293.0,216.0,73,74
292.0,213.0,73,74
291.0,210.0,73,74
291.0,208.0,73,74
291.0,206.0,73,74
290.0,204.0,73,74
290.0,203.0,73,74
290.0,202.0,73,74
289.0,202.0,73,74
289.0,201.0,73,74
290.0,200.0,73,74
290.0,199.0,73,74
291.0,199.0,73,74
292.0,199.0,73,74
292.0,199.0,73,74
293.0,200.0,73,74
294.0,200.0,73,74
294.0,200.0,73,74
295.0,199.0,73,74
295.0,198.0,73,74
296.0,198.0,73,74
296.0,197.0,73,74
296.0,197.0,73,74
297.0,196.0,73,74
297.0,196.0,73,74
297.0,196.0,73,74
297.0,195.0,73,74
297.0,195.0,73,74
297.0,195.0,73,74
297.0,194.0,73,74
297.0,194.0,73,74
297.0,194.0,73,74
297.0,194.0,73,74
297.0,194.0,73,74
298.0,194.0,73,74
298.0,194.0,73,74
298.0,194.0,73,74
298.0,193.0,73,74
297.0,193.0,73,74
297.0,193.0,73,74
297.0,193.0,73,74
297.0,193.0,73,74
297.0,194.0,73,74
297.0,194.0,73,74
297.0,193.0,73,74
297.0,193.0,73,74
297.0,192.0,73,74
297.0,192.0,73,74
297.0,191.0,73,74
297.0,190.0,73,74
297.0,189.0,73,74
297.0,188.0,73,74
297.0,188.0,73,74
297.0,187.0,73,74
297.0,187.0,73,74
297.0,186.0,73,74
297.0,185.0,73,74
296.0,184.0,73,74
295.0,183.0,73,74
295.0,182.0,73,74
295.0,181.0,73,74
295.0,180.0,73,74
295.0,180.0,73,74
295.0,179.0,73,74
295.0,179.0,73,74
295.0,179.0,73,74
295.0,178.0,73,74
295.0,179.0,73,74
295.0,179.0,73,74
295.0,180.0,73,74
295.0,180.0,73,74
295.0,181.0,73,74
295.0,182.0,73,74
295.0,183.0,73,74
296.0,183.0,73,74
296.0,184.0,73,74
296.0,184.0,73,74
296.0,184.0,73,74
296.0,184.0,73,74
296.0,184.0,73,74
295.0,183.0,73,74
295.0,182.0,73,74
295.0,181.0,73,74
294.0,180.0,73,74
294.0,179.0,73,74
293.0,179.0,73,74
293.0,179.0,73,74
292.0,179.0,73,74
292.0,179.0,73,74
292.0,180.0,73,74
291.0,181.0,73,74
291.0,182.0,73,74
291.0,183.0,73,74
291.0,184.0,73,74
291.0,185.0,73,74
291.0,186.0,73,74
291.0,188.0,73,74
291.0,189.0,73,74
291.0,190.0,73,74
291.0,190.0,73,74
291.0,190.0,73,74
291.0,190.0,73,74
291.0,190.0,73,74
291.0,190.0,73,74
291.0,189.0,73,74
291.0,188.0,73,74
292.0,187.0,73,74
292.0,186.0,73,74
293.0,185.0,73,74
294.0,184.0,73,74
295.0,183.0,73,74
295.0,184.0,73,74
296.0,185.0,73,74
297.0,186.0,73,74
298.0,187.0,73,74
299.0,188.0,73,74
300.0,189.0,73,74
301.0,190.0,73,74
302.0,191.0,73,74
302.0,191.0,73,74
302.0,192.0,73,74
302.0,192.0,73,74
301.0,192.0,73,74
300.0,192.0,73,74
300.0,191.0,73,74
299.0,191.0,73,74
297.0,191.0,73,74
296.0,190.0,73,74
296.0,190.0,73,74
295.0,189.0,73,74
294.0,188.0,73,74
294.0,187.0,73,74
294.0,185.0,73,74
293.0,183.0,73,74
293.0,180.0,73,74
292.0,178.0,73,74
291.0,176.0,73,74
290.0,174.0,73,74
290.0,173.0,73,74
289.0,173.0,73,74
289.0,173.0,73,74
289.0,174.0,73,74
289.0,175.0,73,74
289.0,176.0,73,74
290.0,176.0,73,74
290.0,176.0,73,74
290.0,175.0,73,74
290.0,175.0,73,74
289.0,174.0,73,74
289.0,172.0,73,74
288.0,170.0,73,74
288.0,168.0,73,74
287.0,167.0,73,74
286.0,166.0,73,74
285.0,165.0,73,74
284.0,165.0,73,74
283.0,164.0,73,74
282.0,164.0,73,74
282.0,164.0,73,74
281.0,164.0,73,74
281.0,163.0,73,74
281.0,163.0,73,74
281.0,163.0,73,74
282.0,163.0,73,74
282.0,163.0,73,74
283.0,163.0,73,74
283.0,164.0,73,74
284.0,164.0,73,74
285.0,163.0,73,74
285.0,163.0,73,74
286.0,163.0,73,74
286.0,164.0,73,74
286.0,165.0,73,74
287.0,166.0,73,74
287.0,167.0,73,74
287.0,169.0,73,74
287.0,170.0,73,74
288.0,171.0,73,74
289.0,173.0,73,74
290.0,175.0,73,74
291.0,177.0,73,74
292.0,179.0,73,74
293.0,182.0,73,74
294.0,185.0,73,74
295.0,188.0,73,74
296.0,190.0,73,74
296.0,190.0,73,74
295.0,190.0,73,74
294.0,190.0,73,74
293.0,190.0,73,74
293.0,191.0,73,74
293.0,191.0,73,74
292.0,191.0,73,74
291.0,190.0,73,74
291.0,190.0,73,74
291.0,190.0,73,74
291.0,190.0,73,74
290.0,189.0,73,74
290.0,188.0,73,74
290.0,187.0,73,74
290.0,187.0,73,74
291.0,186.0,73,74
291.0,185.0,73,74
291.0,185.0,73,74
292.0,184.0,73,74
292.0,184.0,73,74
291.0,183.0,73,74
291.0,182.0,73,74
291.0,182.0,73,74
291.0,181.0,73,74
291.0,180.0,73,74
291.0,179.0,73,74
290.0,179.0,73,74
289.0,179.0,73,74
288.0,179.0,73,74
287.0,180.0,73,74
287.0,180.0,73,74
287.0,179.0,73,74
286.0,179.0,73,74
286.0,179.0,73,74
286.0,178.0,73,74
286.0,178.0,73,74
286.0,178.0,73,74
286.0,178.0,73,74
286.0,178.0,73,74
285.0,178.0,73,74
285.0,178.0,73,74
285.0,178.0,73,74
284.0,177.0,73,74
283.0,176.0,73,74
282.0,175.0,73,74
281.0,173.0,73,74
280.0,171.0,73,74
280.0,171.0,73,74
280.0,170.0,73,74
280.0,168.0,73,74
281.0,168.0,73,74
282.0,168.0,73,74
283.0,167.0,73,74
284.0,167.0,73,74
286.0,166.0,73,74
288.0,165.0,73,74
288.0,165.0,73,74
289.0,165.0,73,74
289.0,165.0,73,74
290.0,165.0,73,74
290.0,165.0,73,74
292.0,165.0,73,74
293.0,166.0,73,74
294.0,166.0,73,74
295.0,168.0,73,74
296.0,169.0,73,74
296.0,171.0,73,74
297.0,172.0,73,74
298.0,175.0,73,74
299.0,176.0,73,74
299.0,177.0,73,74
299.0,178.0,73,74
299.0,179.0,73,74
299.0,181.0,73,74
300.0,182.0,73,74
301.0,184.0,73,74
301.0,184.0,73,74
302.0,185.0,73,74
303.0,187.0,73,74
304.0,189.0,73,74
304.0,190.0,73,74
305.0,192.0,73,74
305.0,193.0,73,74
305.0,194.0,73,74
305.0,195.0,73,74
305.0,195.0,73,74
305.0,195.0,73,74
305.0,195.0,73,74
304.0,195.0,73,74
304.0,195.0,73,74
305.0,195.0,73,74
305.0,195.0,73,74
305.0,195.0,73,74
305.0,196.0,73,74
305.0,196.0,73,74
305.0,197.0,73,74
306.0,199.0,73,74
306.0,200.0,73,74
306.0,202.0,73,74
306.0,204.0,73,74
306.0,205.0,73,74
306.0,206.0,73,74
307.0,208.0,73,74
307.0,210.0,73,74
307.0,212.0,73,74
308.0,214.0,73,74
308.0,216.0,73,74
308.0,218.0,73,74
308.0,220.0,73,74
308.0,221.0,73,74
308.0,223.0,73,74
308.0,225.0,73,74
308.0,225.0,73,74
307.0,226.0,73,74
307.0,226.0,73,74
307.0,226.0,73,74
307.0,226.0,73,74
307.0,225.0,73,74
308.0,224.0,73,74
308.0,224.0,73,74
308.0,224.0,73,74
309.0,224.0,73,74
309.0,225.0,73,74
310.0,226.0,73,74
310.0,227.0,73,74
310.0,228.0,73,74
310.0,229.0,73,74
310.0,229.0,73,74
310.0,229.0,73,74
310.0,229.0,73,74
310.0,227.0,73,74
310.0,224.0,73,74
309.0,222.0,73,74
307.0,222.0,73,74
305.0,222.0,73,74
305.0,221.0,73,74
305.0,220.0,73,74
305.0,219.0,73,74
305.0,219.0,73,74
305.0,218.0,73,74
305.0,217.0,73,74
305.0,216.0,73,74
305.0,214.0,73,74
306.0,211.0,73,74
306.0,209.0,73,74
306.0,205.0,73,74
306.0,201.0,73,74
306.0,198.0,73,74
306.0,194.0,73,74
306.0,189.0,73,74
306.0,185.0,73,74
305.0,181.0,73,74
305.0,176.0,73,74
305.0,172.0,73,74
305.0,168.0,73,74
304.0,164.0,73,74
304.0,161.0,73,74
304.0,158.0,73,74
304.0,155.0,73,74
304.0,151.0,73,74
303.0,150.0,73,74
303.0,149.0,73,74
303.0,149.0,73,74
303.0,150.0,73,74
303.0,151.0,73,74
303.0,153.0,73,74
304.0,155.0,73,74
305.0,157.0,73,74
306.0,160.0,73,74
306.0,163.0,73,74
307.0,165.0,73,74
308.0,166.0,73,74
308.0,168.0,73,74
309.0,170.0,73,74
309.0,172.0,73,74
310.0,174.0,73,74
311.0,176.0,73,74
312.0,179.0,73,74
314.0,182.0,73,74
315.0,185.0,73,74
316.0,188.0,73,74
317.0,192.0,73,74
318.0,195.0,73,74
318.0,198.0,73,74
319.0,199.0,73,74
319.0,200.0,73,74
320.0,201.0,73,74
320.0,201.0,73,74
321.0,202.0,73,74
322.0,202.0,73,74
322.0,202.0,73,74
323.0,202.0,73,74
323.0,201.0,73,74
324.0,201.0,73,74
324.0,201.0,73,74
325.0,201.0,73,74
326.0,201.0,73,74
327.0,202.0,73,74
329.0,202.0,73,74
330.0,202.0,73,74
331.0,202.0,73,74
332.0,201.0,73,74
333.0,200.0,73,74
333.0,199.0,73,74
333.0,199.0,73,74
333.0,198.0,73,74
333.0,198.0,73,74
333.0,199.0,73,74
332.0,199.0,73,74
331.0,199.0,73,74
331.0,200.0,73,74
331.0,201.0,73,74
331.0,201.0,73,74
332.0,201.0,73,74
332.0,201.0,73,74
333.0,200.0,73,74
334.0,199.0,73,74
335.0,197.0,73,74
336.0,195.0,73,74
336.0,192.0,73,74
337.0,190.0,73,74
336.0,189.0,73,74
336.0,189.0,73,74
335.0,188.0,73,74
334.0,187.0,73,74
333.0,186.0,73,74
332.0,184.0,73,74
331.0,182.0,73,74
331.0,180.0,73,74
331.0,178.0,73,74
331.0,177.0,73,74
331.0,176.0,73,74
331.0,175.0,73,74
330.0,174.0,73,74
330.0,174.0,73,74
329.0,174.0,73,74
329.0,174.0,73,74
330.0,175.0,73,74
330.0,175.0,73,74
331.0,175.0,73,74
332.0,174.0,73,74
333.0,174.0,73,74
334.0,173.0,73,74
335.0,171.0,73,74
335.0,171.0,73,74
335.0,171.0,73,74
334.0,170.0,73,74
333.0,170.0,73,74
332.0,170.0,73,74
331.0,169.0,73,74
329.0,169.0,73,74
328.0,167.0,73,74
327.0,166.0,73,74
326.0,165.0,73,74
325.0,163.0,73,74
324.0,162.0,73,74
324.0,161.0,73,74
323.0,159.0,73,74
323.0,157.0,73,74
322.0,155.0,73,74
322.0,153.0,73,74
321.0,151.0,73,74
321.0,149.0,73,74
321.0,148.0,73,74
321.0,147.0,73,74
321.0,146.0,73,74
321.0,146.0,73,74
321.0,145.0,73,74
322.0,144.0,73,74
322.0,144.0,73,74
322.0,144.0,73,74
323.0,144.0,73,74
323.0,144.0,73,74
324.0,143.0,73,74
324.0,142.0,73,74
324.0,140.0,73,74
324.0,138.0,73,74
324.0,137.0,73,74
323.0,137.0,73,74
323.0,137.0,73,74
322.0,138.0,73,74
322.0,140.0,73,74
322.0,141.0,73,74
321.0,142.0,73,74
321.0,143.0,73,74
322.0,144.0,73,74
321.0,144.0,73,74
321.0,144.0,73,74
320.0,144.0,73,74
320.0,144.0,73,74
320.0,143.0,73,74
320.0,143.0,73,74
320.0,143.0,73,74
320.0,143.0,73,74
320.0,142.0,73,74
320.0,142.0,73,74
320.0,142.0,73,74
320.0,142.0,73,74
320.0,142.0,73,74
320.0,141.0,73,74
320.0,141.0,73,74
321.0,140.0,73,74
322.0,140.0,73,74
322.0,139.0,73,74
323.0,138.0,73,74
324.0,138.0,73,74
325.0,137.0,73,74
327.0,137.0,73,74
329.0,136.0,73,74
330.0,136.0,73,74
332.0,136.0,73,74
333.0,136.0,73,74
335.0,136.0,73,74
336.0,136.0,73,74
337.0,136.0,73,74
338.0,136.0,73,74
339.0,136.0,73,74
340.0,135.0,73,74
340.0,134.0,73,74
341.0,134.0,73,74
342.0,133.0,73,74
343.0,133.0,73,74
344.0,133.0,73,74
344.0,133.0,73,74
341.0,134.0,73,74
339.0,135.0,73,74
338.0,135.0,73,74
337.0,135.0,73,74
337.0,135.0,73,74
337.0,135.0,73,74
336.0,135.0,73,74
336.0,135.0,73,74
335.0,135.0,73,74
335.0,136.0,73,74
334.0,136.0,73,74
333.0,136.0,73,74
332.0,136.0,73,74
331.0,136.0,73,74
330.0,136.0,73,74
328.0,136.0,73,74
327.0,136.0,73,74
325.0,136.0,73,74
323.0,136.0,73,74
322.0,137.0,73,74
320.0,137.0,73,74
318.0,138.0,73,74
316.0,139.0,73,74
314.0,140.0,73,74
312.0,141.0,73,74
310.0,142.0,73,74
308.0,143.0,73,74
306.0,144.0,73,74
305.0,146.0,73,74
303.0,147.0,73,74
301.0,149.0,73,74
300.0,151.0,73,74
299.0,152.0,73,74
298.0,153.0,73,74
297.0,153.0,73,74
297.0,153.0,73,74
298.0,153.0,73,74
299.0,152.0,73,74
299.0,151.0,73,74
299.0,150.0,73,74
299.0,150.0,73,74
299.0,149.0,73,74
299.0,149.0,73,74
299.0,149.0,73,74
299.0,150.0,73,74
300.0,151.0,73,74
300.0,151.0,73,74
301.0,152.0,73,74
301.0,152.0,73,74
302.0,153.0,73,74
303.0,153.0,73,74
303.0,152.0,73,74
305.0,151.0,73,74
307.0,150.0,73,74
309.0,149.0,73,74
312.0,148.0,73,74
315.0,149.0,73,74
319.0,149.0,73,74
323.0,149.0,73,74
327.0,151.0,73,74
330.0,152.0,73,74
333.0,153.0,73,74
336.0,154.0,73,74
338.0,155.0,73,74
340.0,156.0,73,74
342.0,156.0,73,74
344.0,155.0,73,74
345.0,155.0,73,74
346.0,154.0,73,74
346.0,153.0,73,74
347.0,152.0,73,74
347.0,151.0,73,74
346.0,150.0,73,74
346.0,149.0,73,74
345.0,147.0,73,74
344.0,146.0,73,74
344.0,145.0,73,74
344.0,145.0,73,74
344.0,145.0,73,74
344.0,146.0,73,74
343.0,146.0,73,74
343.0,146.0,73,74
342.0,146.0,73,74
341.0,144.0,73,74
341.0,142.0,73,74
341.0,139.0,73,74
344.0,136.0,73,74
347.0,134.0,73,74
333.0,150.0,73,74
332.0,147.0,73,74
332.0,143.0,73,74
332.0,139.0,73,74
333.0,136.0,73,74
334.0,134.0,73,74
335.0,132.0,73,74
335.0,130.0,73,74
336.0,129.0,73,74
337.0,127.0,73,74
337.0,126.0,73,74
337.0,125.0,73,74
337.0,125.0,73,74
337.0,124.0,73,74
337.0,124.0,73,74
336.0,124.0,73,74
336.0,124.0,73,74
336.0,124.0,73,74
335.0,125.0,73,74
335.0,125.0,73,74
335.0,125.0,73,74
334.0,125.0,73,74
335.0,125.0,73,74
335.0,125.0,73,74
336.0,125.0,73,74
338.0,126.0,73,74
339.0,128.0,73,74
340.0,129.0,73,74
341.0,131.0,73,74
342.0,133.0,73,74
342.0,135.0,73,74
342.0,137.0,73,74
342.0,138.0,73,74
342.0,138.0,73,74
341.0,137.0,73,74
340.0,136.0,73,74
339.0,136.0,73,74
339.0,137.0,73,74
339.0,138.0,73,74
339.0,139.0,73,74
339.0,140.0,73,74
340.0,141.0,73,74
340.0,143.0,73,74
340.0,145.0,73,74
340.0,146.0,73,74
339.0,147.0,73,74
338.0,147.0,73,74
337.0,148.0,73,74
336.0,148.0,73,74
335.0,149.0,73,74
333.0,150.0,73,74
332.0,151.0,73,74
330.0,152.0,73,74
329.0,153.0,73,74
329.0,153.0,73,74
328.0,153.0,73,74
327.0,152.0,73,74
326.0,150.0,73,74
325.0,148.0,73,74
323.0,146.0,73,74
321.0,145.0,73,74
319.0,144.0,73,74
318.0,143.0,73,74
317.0,142.0,73,74
316.0,140.0,73,74
315.0,140.0,73,74
315.0,139.0,73,74
314.0,139.0,73,74
314.0,138.0,73,74
314.0,138.0,73,74
314.0,136.0,73,74
314.0,135.0,73,74
314.0,133.0,73,74
314.0,132.0,73,74
314.0,130.0,73,74
314.0,129.0,73,74
314.0,128.0,73,74
314.0,127.0,73,74
315.0,126.0,73,74
316.0,125.0,73,74
317.0,125.0,73,74
318.0,125.0,73,74
318.0,126.0,73,74
319.0,127.0,73,74
319.0,128.0,73,74
320.0,129.0,73,74
321.0,130.0,73,74
321.0,130.0,73,74
321.0,131.0,73,74
321.0,132.0,73,74
320.0,133.0,73,74
320.0,135.0,73,74
320.0,136.0,73,74
319.0,138.0,73,74
319.0,139.0,73,74
319.0,140.0,73,74
318.0,140.0,73,74
317.0,141.0,73,74
317.0,143.0,73,74
316.0,144.0,73,74
316.0,146.0,73,74
316.0,148.0,73,74
316.0,150.0,73,74
316.0,152.0,73,74
316.0,153.0,73,74
316.0,154.0,73,74
316.0,155.0,73,74
317.0,155.0,73,74
317.0,155.0,73,74
317.0,155.0,73,74
317.0,155.0,73,74
317.0,154.0,73,74
317.0,153.0,73,74
317.0,152.0,73,74
317.0,151.0,73,74
317.0,150.0,73,74
317.0,150.0,73,74
317.0,149.0,73,74
317.0,148.0,73,74
317.0,146.0,73,74
317.0,145.0,73,74
317.0,144.0,73,74
317.0,143.0,73,74
317.0,142.0,73,74
318.0,141.0,73,74
318.0,141.0,73,74
318.0,141.0,73,74
318.0,141.0,73,74
318.0,141.0,73,74
318.0,141.0,73,74
318.0,141.0,73,74
317.0,141.0,73,74
317.0,141.0,73,74
317.0,140.0,73,74
316.0,140.0,73,74
316.0,140.0,73,74
316.0,140.0,73,74
317.0,140.0,73,74
317.0,140.0,73,74
317.0,140.0,73,74
318.0,140.0,73,74
318.0,140.0,73,74
318.0,140.0,73,74
318.0,140.0,73,74
318.0,140.0,73,74
317.0,140.0,73,74
316.0,141.0,73,74
316.0,142.0,73,74
316.0,143.0,73,74
317.0,144.0,73,74
318.0,145.0,73,74
318.0,146.0,73,74
319.0,146.0,73,74
320.0,145.0,73,74
320.0,145.0,73,74
321.0,145.0,73,74
321.0,145.0,73,74
321.0,145.0,73,74
321.0,145.0,73,74
321.0,145.0,73,74
321.0,145.0,73,74
321.0,145.0,73,74
320.0,145.0,73,74
320.0,144.0,73,74
319.0,143.0,73,74
319.0,141.0,73,74
318.0,140.0,73,74
318.0,138.0,73,74
318.0,136.0,73,74
317.0,135.0,73,74
317.0,133.0,73,74
317.0,131.0,73,74
317.0,130.0,73,74
318.0,129.0,73,74
318.0,128.0,73,74
319.0,129.0,73,74
320.0,130.0,73,74
320.0,130.0,73,74
320.0,131.0,73,74
320.0,132.0,73,74
320.0,132.0,73,74
319.0,133.0,73,74
318.0,135.0,73,74
317.0,136.0,73,74
316.0,137.0,73,74
315.0,139.0,73,74
315.0,141.0,73,74
314.0,143.0,73,74
314.0,145.0,73,74
314.0,147.0,73,74
314.0,149.0,73,74
314.0,151.0,73,74
314.0,154.0,73,74
314.0,157.0,73,74
315.0,159.0,73,74
316.0,160.0,73,74
316.0,162.0,73,74
316.0,164.0,73,74
316.0,164.0,73,74
316.0,165.0,73,74
315.0,167.0,73,74
315.0,169.0,73,74
315.0,171.0,73,74
314.0,172.0,73,74
313.0,174.0,73,74
312.0,175.0,73,74
310.0,177.0,73,74
308.0,179.0,73,74
308.0,180.0,73,74
307.0,181.0,73,74
307.0,181.0,73,74
307.0,182.0,73,74
307.0,182.0,73,74
308.0,182.0,73,74
308.0,183.0,73,74
308.0,182.0,73,74
308.0,182.0,73,74
309.0,181.0,73,74
308.0,182.0,73,74
308.0,183.0,73,74
308.0,184.0,73,74
308.0,185.0,73,74
308.0,187.0,73,74
307.0,189.0,73,74
307.0,191.0,73,74
306.0,193.0,73,74
306.0,195.0,73,74
305.0,197.0,73,74
305.0,198.0,73,74
305.0,199.0,73,74
305.0,201.0,73,74
304.0,202.0,73,74
304.0,203.0,73,74
304.0,204.0,73,74
304.0,205.0,73,74
304.0,207.0,73,74
304.0,207.0,73,74
304.0,208.0,73,74
303.0,208.0,73,74
303.0,207.0,73,74
304.0,208.0,73,74
305.0,207.0,73,74
306.0,207.0,73,74
307.0,207.0,73,74
309.0,207.0,73,74
310.0,207.0,73,74
311.0,207.0,73,74
312.0,208.0,73,74
313.0,208.0,73,74
314.0,208.0,73,74
316.0,208.0,73,74
317.0,210.0,73,74
318.0,211.0,73,74
319.0,211.0,73,74
320.0,212.0,73,74
321.0,212.0,73,74
322.0,212.0,73,74
323.0,212.0,73,74
324.0,211.0,73,74
325.0,210.0,73,74
326.0,209.0,73,74
327.0,209.0,73,74
328.0,207.0,73,74
329.0,206.0,73,74
330.0,205.0,73,74
330.0,203.0,73,74
331.0,201.0,73,74
331.0,199.0,73,74
331.0,196.0,73,74
331.0,193.0,73,74
330.0,190.0,73,74
329.0,187.0,73,74
329.0,185.0,73,74
328.0,182.0,73,74
328.0,180.0,73,74
327.0,178.0,73,74
327.0,177.0,73,74
327.0,175.0,73,74
327.0,173.0,73,74
327.0,172.0,73,74
326.0,171.0,73,74
327.0,170.0,73,74
327.0,170.0,73,74
327.0,169.0,73,74
326.0,168.0,73,74
326.0,168.0,73,74
325.0,167.0,73,74
324.0,166.0,73,74
323.0,165.0,73,74
322.0,164.0,73,74
322.0,163.0,73,74
321.0,163.0,73,74
321.0,163.0,73,74
321.0,163.0,73,74
321.0,164.0,73,74
321.0,165.0,73,74
320.0,165.0,73,74
319.0,165.0,73,74
318.0,165.0,73,74
317.0,164.0,73,74
316.0,163.0,73,74
315.0,162.0,73,74
314.0,160.0,73,74
313.0,159.0,73,74
312.0,157.0,73,74
312.0,156.0,73,74
310.0,155.0,73,74
309.0,155.0,73,74
308.0,156.0,73,74
307.0,158.0,73,74
305.0,160.0,73,74
303.0,161.0,73,74
302.0,161.0,73,74
300.0,161.0,73,74
298.0,160.0,73,74
297.0,159.0,73,74
296.0,158.0,73,74
296.0,156.0,73,74
297.0,155.0,73,74
298.0,153.0,73,74
299.0,152.0,73,74
299.0,150.0,73,74
299.0,148.0,73,74
299.0,146.0,73,74
299.0,144.0,73,74
299.0,143.0,73,74
300.0,141.0,73,74
300.0,141.0,73,74
300.0,140.0,73,74
301.0,139.0,73,74
301.0,138.0,73,74
301.0,137.0,73,74
302.0,137.0,73,74
302.0,137.0,73,74
303.0,136.0,73,74
304.0,137.0,73,74
304.0,138.0,73,74
303.0,138.0,73,74
302.0,138.0,73,74
302.0,138.0,73,74
301.0,138.0,73,74
301.0,138.0,73,74
300.0,138.0,73,74
300.0,138.0,73,74
299.0,138.0,73,74
299.0,137.0,73,74
298.0,136.0,73,74
298.0,136.0,73,74
297.0,137.0,73,74
296.0,137.0,73,74
295.0,138.0,73,74
293.0,138.0,73,74
292.0,138.0,73,74
291.0,139.0,73,74
290.0,139.0,73,74
289.0,139.0,73,74
288.0,140.0,73,74
287.0,140.0,73,74
287.0,141.0,73,74
286.0,142.0,73,74
285.0,142.0,73,74
284.0,143.0,73,74
283.0,144.0,73,74
282.0,146.0,73,74
281.0,148.0,73,74
280.0,150.0,73,74
280.0,152.0,73,74
279.0,154.0,73,74
278.0,156.0,73,74
277.0,157.0,73,74
277.0,159.0,73,74
276.0,161.0,73,74
276.0,161.0,73,74
275.0,163.0,73,74
275.0,165.0,73,74
274.0,167.0,73,74
274.0,169.0,73,74
274.0,171.0,73,74
273.0,172.0,73,74
273.0,172.0,73,74
273.0,172.0,73,74
273.0,171.0,73,74
273.0,170.0,73,74
273.0,170.0,73,74
273.0,171.0,73,74
274.0,171.0,73,74
275.0,172.0,73,74
276.0,173.0,73,74
278.0,174.0,73,74
280.0,174.0,73,74
282.0,175.0,73,74
284.0,176.0,73,74
285.0,177.0,73,74
287.0,178.0,73,74
289.0,178.0,73,74
291.0,179.0,73,74
293.0,179.0,73,74
295.0,178.0,73,74
297.0,177.0,73,74
299.0,177.0,73,74
301.0,178.0,73,74
303.0,178.0,73,74
305.0,178.0,73,74
308.0,179.0,73,74
310.0,180.0,73,74
311.0,181.0,73,74
313.0,181.0,73,74
314.0,181.0,73,74
315.0,180.0,73,74
315.0,179.0,73,74
315.0,177.0,73,74
315.0,176.0,73,74
314.0,174.0,73,74
314.0,174.0,73,74
313.0,174.0,73,74
313.0,174.0,73,74
312.0,174.0,73,74
312.0,175.0,73,74
312.0,177.0,73,74
313.0,178.0,73,74
313.0,180.0,73,74
313.0,182.0,73,74
313.0,184.0,73,74
314.0,185.0,73,74
314.0,186.0,73,74
315.0,187.0,73,74
315.0,187.0,73,74
315.0,187.0,73,74
315.0,187.0,73,74
316.0,187.0,73,74
316.0,187.0,73,74
316.0,187.0,73,74
316.0,187.0,73,74
316.0,188.0,73,74
316.0,188.0,73,74
316.0,188.0,73,74
316.0,189.0,73,74
315.0,188.0,73,74
315.0,188.0,73,74
315.0,187.0,73,74
315.0,186.0,73,74
315.0,185.0,73,74
315.0,185.0,73,74
316.0,185.0,73,74
316.0,185.0,73,74
317.0,184.0,73,74
317.0,183.0,73,74
317.0,181.0,73,74
317.0,179.0,73,74
317.0,177.0,73,74
317.0,175.0,73,74
317.0,173.0,73,74
317.0,171.0,73,74
316.0,168.0,73,74
316.0,165.0,73,74
316.0,162.0,73,74
316.0,160.0,73,74
317.0,158.0,73,74
317.0,156.0,73,74
317.0,155.0,73,74
317.0,154.0,73,74
317.0,153.0,73,74
317.0,152.0,73,74
317.0,151.0,73,74
316.0,150.0,73,74
315.0,150.0,73,74
315.0,149.0,73,74
314.0,147.0,73,74
313.0,146.0,73,74
312.0,144.0,73,74
311.0,141.0,73,74
311.0,137.0,73,74
310.0,134.0,73,74
310.0,130.0,73,74
310.0,128.0,73,74
310.0,126.0,73,74
311.0,125.0,73,74
312.0,124.0,73,74
313.0,124.0,73,74
314.0,124.0,73,74
315.0,123.0,73,74
316.0,124.0,73,74
316.0,123.0,73,74
315.0,122.0,73,74
315.0,121.0,73,74
315.0,121.0,73,74
317.0,120.0,73,74
318.0,119.0,73,74
320.0,117.0,73,74
322.0,116.0,73,74
323.0,116.0,73,74
323.0,116.0,73,74
324.0,115.0,73,74
324.0,115.0,73,74
325.0,115.0,73,74
325.0,115.0,73,74
325.0,114.0,73,74
326.0,113.0,73,74
326.0,113.0,73,74
326.0,113.0,73,74
326.0,112.0,73,74
326.0,112.0,73,74
326.0,113.0,73,74
326.0,114.0,73,74
326.0,115.0,73,74
327.0,115.0,73,74
327.0,115.0,73,74
327.0,114.0,73,74
328.0,112.0,73,74
328.0,110.0,73,74
328.0,109.0,73,74
329.0,107.0,73,74
329.0,106.0,73,74
329.0,105.0,73,74
329.0,106.0,73,74
329.0,106.0,73,74
329.0,107.0,73,74
329.0,107.0,73,74
330.0,107.0,73,74
330.0,107.0,73,74
329.0,107.0,73,74
329.0,106.0,73,74
329.0,106.0,73,74
330.0,105.0,73,74
331.0,103.0,73,74
332.0,102.0,73,74
333.0,100.0,73,74
335.0,99.0,73,74
336.0,98.0,73,74
338.0,97.0,73,74
339.0,96.0,73,74
340.0,96.0,73,74
341.0,95.0,73,74
341.0,95.0,73,74
342.0,95.0,73,74
342.0,94.0,73,74
342.0,94.0,73,74
342.0,95.0,73,74
341.0,95.0,73,74
341.0,96.0,73,74
340.0,97.0,73,74
340.0,98.0,73,74
339.0,98.0,73,74
339.0,99.0,73,74
339.0,99.0,73,74
339.0,100.0,73,74
339.0,100.0,73,74
339.0,100.0,73,74
339.0,99.0,73,74
339.0,98.0,73,74
339.0,97.0,73,74
339.0,96.0,73,74
339.0,95.0,73,74
339.0,94.0,73,74
339.0,93.0,73,74
339.0,92.0,73,74
339.0,92.0,73,74
339.0,92.0,73,74
339.0,91.0,73,74
338.0,91.0,73,74
338.0,91.0,73,74
337.0,91.0,73,74
336.0,90.0,73,74
335.0,89.0,73,74
334.0,88.0,73,74
332.0,88.0,73,74
331.0,88.0,73,74
329.0,89.0,73,74
327.0,90.0,73,74
325.0,91.0,73,74
323.0,92.0,73,74
321.0,93.0,73,74
319.0,95.0,73,74
318.0,96.0,73,74
316.0,97.0,73,74
315.0,98.0,73,74
314.0,99.0,73,74
312.0,101.0,73,74
311.0,102.0,73,74
310.0,103.0,73,74
310.0,104.0,73,74
309.0,105.0,73,74
309.0,105.0,73,74
308.0,106.0,73,74
308.0,107.0,73,74
308.0,107.0,73,74
308.0,107.0,73,74
307.0,108.0,73,74
307.0,109.0,73,74
307.0,109.0,73,74
306.0,111.0,73,74
306.0,112.0,73,74
305.0,113.0,73,74
304.0,114.0,73,74
304.0,114.0,73,74
303.0,114.0,73,74
302.0,114.0,73,74
301.0,115.0,73,74
300.0,116.0,73,74
299.0,118.0,73,74
298.0,120.0,73,74
297.0,122.0,73,74
296.0,124.0,73,74
296.0,127.0,73,74
296.0,131.0,73,74
295.0,133.0,73,74
295.0,136.0,73,74
294.0,138.0,73,74
294.0,139.0,73,74
293.0,140.0,73,74
292.0,141.0,73,74
291.0,141.0,73,74
290.0,140.0,73,74
289.0,140.0,73,74
288.0,139.0,73,74
288.0,139.0,73,74
287.0,138.0,73,74
286.0,137.0,73,74
286.0,136.0,73,74
285.0,136.0,73,74
285.0,136.0,73,74
285.0,137.0,73,74
285.0,137.0,73,74
285.0,138.0,73,74
286.0,140.0,73,74
287.0,142.0,73,74
287.0,143.0,73,74
287.0,144.0,73,74
287.0,144.0,73,74
287.0,143.0,73,74
286.0,141.0,73,74
286.0,140.0,73,74
286.0,138.0,73,74
286.0,136.0,73,74
286.0,135.0,73,74
286.0,134.0,73,74
287.0,133.0,73,74
287.0,133.0,73,74
288.0,133.0,73,74
289.0,133.0,73,74
290.0,133.0,73,74
291.0,132.0,73,74
292.0,132.0,73,74
293.0,131.0,73,74
294.0,130.0,73,74
295.0,129.0,73,74
296.0,127.0,73,74
297.0,126.0,73,74
298.0,125.0,73,74
299.0,124.0,73,74
300.0,123.0,73,74
300.0,123.0,73,74
301.0,122.0,73,74
302.0,123.0,73,74
302.0,124.0,73,74
303.0,125.0,73,74
303.0,126.0,73,74
304.0,126.0,73,74
305.0,126.0,73,74
306.0,126.0,73,74
307.0,125.0,73,74
308.0,123.0,73,74
308.0,122.0,73,74
309.0,121.0,73,74
309.0,119.0,73,74
310.0,118.0,73,74
310.0,117.0,73,74
310.0,116.0,73,74
310.0,116.0,73,74
310.0,115.0,73,74
311.0,114.0,73,74
311.0,113.0,73,74
311.0,112.0,73,74
312.0,109.0,73,74
312.0,107.0,73,74
312.0,106.0,73,74
313.0,104.0,73,74
313.0,104.0,73,74
314.0,102.0,73,74
314.0,101.0,73,74
315.0,99.0,73,74
315.0,98.0,73,74
315.0,97.0,73,74
315.0,96.0,73,74
315.0,95.0,73,74
316.0,94.0,73,74
316.0,93.0,73,74
317.0,92.0,73,74
318.0,91.0,73,74
319.0,91.0,73,74
320.0,90.0,73,74
321.0,89.0,73,74
322.0,88.0,73,74
322.0,88.0,73,74
323.0,88.0,73,74
323.0,87.0,73,74
324.0,86.0,73,74
324.0,86.0,73,74
325.0,86.0,73,74
325.0,86.0,73,74
326.0,87.0,73,74
327.0,88.0,73,74
329.0,90.0,73,74
330.0,91.0,73,74
331.0,91.0,73,74
332.0,92.0,73,74
332.0,93.0,73,74
332.0,94.0,73,74
332.0,95.0,73,74
333.0,96.0,73,74
332.0,97.0,73,74
332.0,98.0,73,74
332.0,98.0,73,74
332.0,99.0,73,74
332.0,99.0,73,74
332.0,98.0,73,74
331.0,97.0,73,74
330.0,97.0,73,74
328.0,98.0,73,74
327.0,98.0,73,74
326.0,98.0,73,74
326.0,98.0,73,74
325.0,98.0,73,74
324.0,97.0,73,74
323.0,97.0,73,74
322.0,96.0,73,74
321.0,95.0,73,74
319.0,94.0,73,74
318.0,93.0,73,74
317.0,93.0,73,74
317.0,93.0,73,74
316.0,93.0,73,74
316.0,94.0,73,74
316.0,95.0,73,74
316.0,95.0,73,74
316.0,96.0,73,74
316.0,97.0,73,74
316.0,98.0,73,74
315.0,99.0,73,74
314.0,100.0,73,74
313.0,101.0,73,74
313.0,101.0,73,74
313.0,101.0,73,74
313.0,101.0,73,74
314.0,101.0,73,74
315.0,101.0,73,74
316.0,101.0,73,74
316.0,102.0,73,74
316.0,104.0,73,74
316.0,105.0,73,74
316.0,106.0,73,74
315.0,106.0,73,74
315.0,106.0,73,74
315.0,106.0,73,74
316.0,106.0,73,74
316.0,106.0,73,74
317.0,106.0,73,74
317.0,107.0,73,74
318.0,107.0,73,74
318.0,107.0,73,74
318.0,107.0,73,74
318.0,108.0,73,74
319.0,108.0,73,74
319.0,108.0,73,74
319.0,108.0,73,74
319.0,109.0,73,74
319.0,109.0,73,74
319.0,109.0,73,74
319.0,110.0,73,74
319.0,110.0,73,74
319.0,110.0,73,74
319.0,110.0,73,74
320.0,110.0,73,74
320.0,110.0,73,74
319.0,111.0,73,74
319.0,111.0,73,74
319.0,111.0,73,74
319.0,111.0,73,74
319.0,111.0,73,74
320.0,111.0,73,74
320.0,111.0,73,74
320.0,112.0,73,74
321.0,113.0,73,74
321.0,114.0,73,74
321.0,116.0,73,74
321.0,117.0,73,74
322.0,117.0,73,74
322.0,118.0,73,74
322.0,118.0,73,74
323.0,119.0,73,74
323.0,119.0,73,74
324.0,120.0,73,74
325.0,120.0,73,74
325.0,120.0,73,74
326.0,121.0,73,74
326.0,121.0,73,74
327.0,121.0,73,74
327.0,120.0,73,74
327.0,121.0,73,74
326.0,121.0,73,74
326.0,121.0,73,74
326.0,122.0,73,74
326.0,122.0,73,74
325.0,123.0,73,74
324.0,124.0,73,74
324.0,125.0,73,74
323.0,127.0,73,74
323.0,128.0,73,74
323.0,130.0,73,74
323.0,132.0,73,74
324.0,134.0,73,74
324.0,135.0,73,74
325.0,136.0,73,74
325.0,137.0,73,74
326.0,137.0,73,74
327.0,138.0,73,74
328.0,138.0,73,74
328.0,138.0,73,74
329.0,138.0,73,74
329.0,138.0,73,74
328.0,138.0,73,74
327.0,138.0,73,74
326.0,138.0,73,74
325.0,139.0,73,74
324.0,139.0,73,74
323.0,141.0,73,74
322.0,143.0,73,74
322.0,146.0,73,74
322.0,148.0,73,74
322.0,151.0,73,74
323.0,153.0,73,74
323.0,155.0,73,74
324.0,156.0,73,74
324.0,157.0,73,74
324.0,157.0,73,74
324.0,158.0,73,74
324.0,158.0,73,74
324.0,157.0,73,74
324.0,156.0,73,74
324.0,155.0,73,74
324.0,154.0,73,74
325.0,153.0,73,74
325.0,152.0,73,74
326.0,151.0,73,74
327.0,150.0,73,74
328.0,148.0,73,74
329.0,145.0,73,74
329.0,143.0,73,74
330.0,140.0,73,74
331.0,137.0,73,74
332.0,134.0,73,74
333.0,131.0,73,74
332.0,128.0,73,74
332.0,126.0,73,74
332.0,123.0,73,74
329.0,120.0,73,74
326.0,119.0,73,74
324.0,118.0,73,74
321.0,118.0,73,74
319.0,118.0,73,74
318.0,118.0,73,74
316.0,118.0,73,74
314.0,118.0,73,74
314.0,118.0,73,74
313.0,119.0,73,74
313.0,120.0,73,74
312.0,120.0,73,74
311.0,121.0,73,74
311.0,121.0,73,74
310.0,121.0,73,74
310.0,121.0,73,74
310.0,121.0,73,74
310.0,121.0,73,74
310.0,121.0,73,74
310.0,121.0,73,74
310.0,120.0,73,74
311.0,120.0,73,74
311.0,120.0,73,74
312.0,119.0,73,74
312.0,118.0,73,74
313.0,117.0,73,74
313.0,117.0,73,74
314.0,116.0,73,74
315.0,115.0,73,74
315.0,114.0,73,74
315.0,114.0,73,74
315.0,114.0,73,74
315.0,114.0,73,74
315.0,114.0,73,74
315.0,115.0,73,74
315.0,115.0,73,74
315.0,114.0,73,74
316.0,113.0,73,74
316.0,113.0,73,74
316.0,112.0,73,74
317.0,111.0,73,74
317.0,111.0,73,74
317.0,111.0,73,74
317.0,112.0,73,74
317.0,113.0,73,74
317.0,113.0,73,74
316.0,114.0,73,74
316.0,115.0,73,74
316.0,116.0,73,74
315.0,118.0,73,74
315.0,119.0,73,74
314.0,120.0,73,74
314.0,122.0,73,74
313.0,123.0,73,74
314.0,125.0,73,74
314.0,125.0,73,74
314.0,126.0,73,74
314.0,126.0,73,74
315.0,126.0,73,74
316.0,126.0,73,74
316.0,125.0,73,74
317.0,125.0,73,74
318.0,124.0,73,74
319.0,124.0,73,74
320.0,123.0,73,74
320.0,123.0,73,74
321.0,122.0,73,74
322.0,123.0,73,74
323.0,123.0,73,74
324.0,122.0,73,74
324.0,123.0,73,74
325.0,122.0,73,74
325.0,122.0,73,74
326.0,121.0,73,74
326.0,121.0,73,74
327.0,120.0,73,74
328.0,120.0,73,74
329.0,120.0,73,74
330.0,121.0,73,74
332.0,122.0,73,74
333.0,123.0,73,74
335.0,124.0,73,74
337.0,124.0,73,74
339.0,125.0,73,74
341.0,126.0,73,74
343.0,126.0,73,74
345.0,127.0,73,74
347.0,127.0,73,74
348.0,127.0,73,74
349.0,126.0,73,74
350.0,125.0,73,74
349.0,124.0,73,74
349.0,122.0,73,74
348.0,121.0,73,74
347.0,120.0,73,74
345.0,118.0,73,74
344.0,117.0,73,74
342.0,116.0,73,74
340.0,114.0,73,74
338.0,113.0,73,74
336.0,111.0,73,74
334.0,109.0,73,74
332.0,108.0,73,74
330.0,107.0,73,74
329.0,106.0,73,74
328.0,106.0,73,74
326.0,106.0,73,74
324.0,107.0,73,74
323.0,108.0,73,74
321.0,109.0,73,74
320.0,110.0,73,74
319.0,112.0,73,74
318.0,113.0,73,74
317.0,114.0,73,74
316.0,115.0,73,74
315.0,116.0,73,74
315.0,116.0,73,74
315.0,117.0,73,74
315.0,118.0,73,74
315.0,118.0,73,74
316.0,119.0,73,74
318.0,119.0,73,74
319.0,120.0,73,74
321.0,121.0,73,74
323.0,122.0,73,74
324.0,123.0,73,74
326.0,124.0,73,74
328.0,125.0,73,74
329.0,126.0,73,74
330.0,127.0,73,74
331.0,127.0,73,74
331.0,128.0,73,74
331.0,128.0,73,74
331.0,128.0,73,74
332.0,128.0,73,74
332.0,127.0,73,74
333.0,127.0,73,74
334.0,127.0,73,74
334.0,127.0,73,74
334.0,126.0,73,74
335.0,127.0,73,74
335.0,127.0,73,74
334.0,128.0,73,74
334.0,128.0,73,74
333.0,129.0,73,74
331.0,129.0,73,74
330.0,129.0,73,74
328.0,129.0,73,74
327.0,128.0,73,74
326.0,128.0,73,74
325.0,128.0,73,74
325.0,127.0,73,74
325.0,127.0,73,74
325.0,127.0,73,74
326.0,127.0,73,74
327.0,128.0,73,74
328.0,128.0,73,74
328.0,129.0,73,74
328.0,129.0,73,74
328.0,129.0,73,74
328.0,129.0,73,74
328.0,129.0,73,74
329.0,130.0,73,74
328.0,130.0,73,74
328.0,130.0,73,74
328.0,131.0,73,74
328.0,131.0,73,74
328.0,131.0,73,74
328.0,131.0,73,74
328.0,130.0,73,74
328.0,130.0,73,74
328.0,130.0,73,74
328.0,130.0,73,74
327.0,130.0,73,74
327.0,130.0,73,74
327.0,131.0,73,74
327.0,131.0,73,74
327.0,131.0,73,74
327.0,130.0,73,74
326.0,130.0,73,74
326.0,130.0,73,74
326.0,130.0,73,74
325.0,131.0,73,74
324.0,132.0,73,74
323.0,133.0,73,74
321.0,134.0,73,74
319.0,136.0,73,74
317.0,138.0,73,74
315.0,140.0,73,74
315.0,142.0,73,74
314.0,144.0,73,74
314.0,145.0,73,74
314.0,146.0,73,74
314.0,146.0,73,74
314.0,147.0,73,74
315.0,147.0,73,74
315.0,148.0,73,74
315.0,148.0,73,74
315.0,148.0,73,74
315.0,149.0,73,74
315.0,148.0,73,74
314.0,147.0,73,74
312.0,146.0,73,74
309.0,146.0,73,74
309.0,145.0,73,74
308.0,144.0,73,74
306.0,143.0,73,74
305.0,143.0,73,74
304.0,143.0,73,74
304.0,143.0,73,74
303.0,144.0,73,74
302.0,144.0,73,74
302.0,144.0,73,74
302.0,144.0,73,74
302.0,145.0,73,74
303.0,145.0,73,74
304.0,144.0,73,74
304.0,144.0,73,74
305.0,143.0,73,74
305.0,141.0,73,74
305.0,140.0,73,74
305.0,139.0,73,74
304.0,137.0,73,74
304.0,135.0,73,74
303.0,135.0,73,74
302.0,135.0,73,74
301.0,135.0,73,74
300.0,135.0,73,74
298.0,135.0,73,74
297.0,134.0,73,74
296.0,134.0,73,74
295.0,134.0,73,74
295.0,133.0,73,74
294.0,132.0,73,74
293.0,132.0,73,74
292.0,130.0,73,74
291.0,129.0,73,74
290.0,128.0,73,74
290.0,127.0,73,74
290.0,127.0,73,74
290.0,126.0,73,74
290.0,126.0,73,74
290.0,125.0,73,74
290.0,124.0,73,74
290.0,123.0,73,74
290.0,122.0,73,74
290.0,122.0,73,74
290.0,122.0,73,74
289.0,123.0,73,74
289.0,126.0,73,74
290.0,129.0,73,74
292.0,132.0,73,74
295.0,136.0,73,74
298.0,139.0,73,74
300.0,142.0,73,74
302.0,144.0,73,74
303.0,144.0,73,74
304.0,143.0,73,74
305.0,142.0,73,74
306.0,141.0,73,74
308.0,139.0,73,74
310.0,137.0,73,74
311.0,136.0,73,74
312.0,133.0,73,74
314.0,132.0,73,74
315.0,131.0,73,74
316.0,132.0,73,74
317.0,133.0,73,74
317.0,134.0,73,74
317.0,134.0,73,74
317.0,134.0,73,74
317.0,135.0,73,74
318.0,135.0,73,74
319.0,135.0,73,74
320.0,135.0,73,74
322.0,136.0,73,74
323.0,137.0,73,74
325.0,139.0,73,74
326.0,141.0,73,74
327.0,143.0,73,74
327.0,146.0,73,74
327.0,148.0,73,74
325.0,149.0,73,74
323.0,150.0,73,74
322.0,149.0,73,74
320.0,149.0,73,74
319.0,148.0,73,74
318.0,146.0,73,74
316.0,146.0,73,74
315.0,145.0,73,74
314.0,146.0,73,74
313.0,147.0,73,74
313.0,147.0,73,74
313.0,148.0,73,74
313.0,148.0,73,74
314.0,149.0,73,74
314.0,150.0,73,74
315.0,151.0,73,74
316.0,151.0,73,74
316.0,150.0,73,74
317.0,150.0,73,74
317.0,149.0,73,74
317.0,149.0,73,74
317.0,149.0,73,74
317.0,149.0,73,74
318.0,149.0,73,74
320.0,150.0,73,74
321.0,151.0,73,74
323.0,152.0,73,74
324.0,153.0,73,74
325.0,153.0,73,74
326.0,153.0,73,74
326.0,153.0,73,74
326.0,153.0,73,74
326.0,152.0,73,74
325.0,151.0,73,74
325.0,151.0,73,74
324.0,150.0,73,74
323.0,150.0,73,74
322.0,150.0,73,74
322.0,150.0,73,74
321.0,151.0,73,74
321.0,151.0,73,74
320.0,151.0,73,74
320.0,152.0,73,74
321.0,153.0,73,74
321.0,153.0,73,74
321.0,154.0,73,74
322.0,154.0,73,74
321.0,153.0,73,74
320.0,152.0,73,74
319.0,151.0,73,74
318.0,149.0,73,74
317.0,147.0,73,74
317.0,145.0,73,74
317.0,144.0,73,74
317.0,143.0,73,74
318.0,142.0,73,74
317.0,140.0,73,74
317.0,139.0,73,74
317.0,138.0,73,74
318.0,137.0,73,74
318.0,135.0,73,74
318.0,134.0,73,74
318.0,132.0,73,74
318.0,130.0,73,74
318.0,128.0,73,74
318.0,127.0,73,74
318.0,126.0,73,74
318.0,125.0,73,74
318.0,125.0,73,74
318.0,125.0,73,74
317.0,126.0,73,74
317.0,126.0,73,74
316.0,126.0,73,74
316.0,126.0,73,74
316.0,126.0,73,74
316.0,125.0,73,74
316.0,125.0,73,74
316.0,124.0,73,74
316.0,123.0,73,74
316.0,122.0,73,74
315.0,121.0,73,74
315.0,120.0,73,74
314.0,119.0,73,74
314.0,118.0,73,74
314.0,117.0,73,74
314.0,117.0,73,74
315.0,118.0,73,74
315.0,119.0,73,74
316.0,120.0,73,74
317.0,122.0,73,74
317.0,123.0,73,74
318.0,125.0,73,74
319.0,126.0,73,74
319.0,127.0,73,74
319.0,128.0,73,74
319.0,127.0,73,74
318.0,127.0,73,74
318.0,126.0,73,74
317.0,125.0,73,74
316.0,124.0,73,74
315.0,124.0,73,74
315.0,124.0,73,74
314.0,124.0,73,74
314.0,124.0,73,74
314.0,125.0,73,74
315.0,127.0,73,74
316.0,129.0,73,74
316.0,130.0,73,74
316.0,131.0,73,74
316.0,131.0,73,74
315.0,130.0,73,74
314.0,129.0,73,74
313.0,127.0,73,74
311.0,125.0,73,74
310.0,122.0,73,74
308.0,120.0,73,74
307.0,118.0,73,74
306.0,117.0,73,74
306.0,116.0,73,74
305.0,115.0,73,74
305.0,114.0,73,74
304.0,113.0,73,74
302.0,112.0,73,74
300.0,110.0,73,74
297.0,108.0,73,74
292.0,107.0,73,74
287.0,104.0,73,74
282.0,101.0,73,74
277.0,98.0,73,74
273.0,94.0,73,74
270.0,90.0,73,74
266.0,86.0,73,74
264.0,81.0,73,74
263.0,75.0,73,74
262.0,70.0,73,74
264.0,66.0,73,74
266.0,63.0,73,74
268.0,60.0,73,74
270.0,57.0,73,74
272.0,54.0,73,74
273.0,52.0,73,74
274.0,50.0,73,74
275.0,51.0,73,74
276.0,56.0,73,74
278.0,61.0,73,74
281.0,68.0,73,74
284.0,76.0,73,74
287.0,82.0,73,74
290.0,86.0,73,74
292.0,86.0,73,74
291.0,84.0,73,74
290.0,81.0,73,74
290.0,75.0,73,74
292.0,69.0,73,74
295.0,63.0,73,74
300.0,58.0,73,74
304.0,53.0,73,74
308.0,49.0,73,74
313.0,45.0,73,74
317.0,40.0,73,74
321.0,36.0,73,74
325.0,33.0,73,74
328.0,31.0,73,74
331.0,31.0,73,74
333.0,31.0,73,74
334.0,32.0,73,74
335.0,32.0,73,74
336.0,31.0,73,74
337.0,31.0,73,74
337.0,29.0,73,74
337.0,27.0,73,74
337.0,25.0,73,74
337.0,22.0,73,74
337.0,20.0,73,74
338.0,18.0,73,74
339.0,20.0,73,74