450,91,31,37
445.0,94.0,31,37
442.0,98.0,31,37
436.0,102.0,31,37
430.0,106.0,31,37
425.0,121.0,31,37
420.0,122.0,31,37
416.0,121.0,31,37
415.0,122.0,31,37
415.0,115.0,31,37
420.0,123.0,31,37
425.0,115.0,31,37
426.0,110.0,31,37
433.0,95.0,31,37
432.0,81.0,31,37
393.0,66.0,31,37
380.0,61.0,31,37
376.0,55.0,31,37
350.0,68.0,31,37
330.0,81.0,31,37
312.0,107.0,31,37
351.0,153.0,31,37
355.0,153.0,31,37
358.0,154.0,31,37
357.0,175.0,31,37
356.0,173.0,31,37
351.0,162.0,31,37
346.0,152.0,31,37
340.0,152.0,31,37
330.0,134.0,31,37
312.0,119.0,31,37
314.0,103.0,31,37
324.0,91.0,31,37
337.0,88.0,31,37
342.0,83.0,31,37
339.0,76.0,31,37
327.0,93.0,31,37
302.0,113.0,41.0,47.0
319.0,159.0,41.0,47.0
325.0,170.0,41.0,47.0
335.0,163.0,41.0,47.0
339.0,163.0,41.0,47.0
336.0,162.0,41.0,47.0
333.0,145.0,41.0,47.0
331.0,142.0,41.0,47.0
325.0,138.0,41.0,47.0
319.0,133.0,41.0,47.0
305.0,109.0,41.0,47.0
312.0,98.0,41.0,47.0
323.0,91.0,41.0,47.0
328.0,87.0,41.0,47.0
325.0,93.0,41.0,47.0
312.0,105.0,41.0,47.0
340.0,151.0,41.0,47.0
341.0,158.0,41.0,47.0
344.0,164.0,41.0,47.0
346.0,165.0,41.0,47.0
345.0,167.0,41.0,47.0
341.0,164.0,41.0,47.0
338.0,162.0,41.0,47.0
333.0,159.0,41.0,47.0
327.0,155.0,41.0,47.0
308.0,148.0,41.0,47.0
313.0,126.0,41.0,47.0
322.0,105.0,36.0,42.0
338.0,101.0,36.0,42.0
346.0,111.0,36.0,42.0
343.0,107.0,36.0,42.0
332.0,124.0,36.0,42.0
313.0,147.0,36.0,42.0
352.0,193.0,36.0,42.0
346.0,192.0,36.0,42.0
349.0,195.0,36.0,42.0
352.0,187.0,36.0,42.0
350.0,181.0,36.0,42.0
349.0,177.0,36.0,42.0
345.0,175.0,36.0,42.0
336.0,173.0,36.0,42.0
316.0,164.0,36.0,42.0
320.0,140.0,36.0,42.0
331.0,128.0,36.0,42.0
344.0,125.0,36.0,42.0
349.0,120.0,36.0,42.0
347.0,115.0,36.0,42.0
339.0,125.0,36.0,42.0
330.0,138.0,36.0,42.0
319.0,145.0,36.0,42.0
311.0,165.0,36.0,42.0
307.0,177.0,36.0,42.0
305.0,184.0,36.0,42.0
304.0,188.0,36.0,42.0
294.0,193.0,36.0,42.0
293.0,195.0,36.0,42.0
293.0,195.0,36.0,42.0
292.0,192.0,36.0,42.0
291.0,188.0,36.0,42.0
289.0,185.0,36.0,42.0
288.0,180.0,36.0,42.0
288.0,175.0,36.0,42.0
288.0,169.0,36.0,42.0
289.0,164.0,36.0,42.0
292.0,160.0,36.0,42.0
291.0,160.0,36.0,42.0
289.0,164.0,36.0,42.0
286.0,177.0,36.0,42.0
284.0,197.0,36.0,42.0
288.0,219.0,36.0,42.0
303.0,225.0,36.0,42.0
295.0,213.0,36.0,42.0
290.0,191.0,36.0,42.0
291.0,176.0,36.0,42.0
283.0,162.0,36.0,42.0
286.0,151.0,36.0,42.0
297.0,148.0,36.0,42.0
296.0,151.0,36.0,42.0
297.0,169.0,36.0,42.0
294.0,189.0,36.0,42.0
289.0,213.0,36.0,42.0
298.0,226.0,36.0,42.0
288.0,213.0,36.0,42.0
327.0,194.0,36.0,42.0
340.0,178.0,36.0,42.0
339.0,177.0,36.0,42.0
339.0,177.0,36.0,42.0
338.0,176.0,36.0,42.0
338.0,175.0,36.0,42.0
337.0,174.0,36.0,42.0
336.0,174.0,36.0,42.0
334.0,173.0,36.0,42.0
334.0,173.0,36.0,42.0
334.0,173.0,36.0,42.0
373.0,193.0,36.0,42.0
390.0,239.0,36.0,42.0
396.0,246.0,36.0,42.0
380.0,240.0,36.0,42.0
375.0,234.0,36.0,42.0
381.0,215.0,36.0,42.0
365.0,235.0,36.0,42.0
382.0,229.0,36.0,42.0
377.0,236.0,36.0,42.0
372.0,243.0,36.0,42.0
367.0,250.0,36.0,42.0
395.0,244.0,36.0,42.0
379.0,290.0,36.0,42.0
363.0,271.0,36.0,42.0
391.0,278.0,36.0,42.0
365.0,300.0,36.0,42.0
360.0,346.0,36.0,42.0
388.0,353.0,36.0,42.0
383.0,399.0,36.0,42.0
400.0,398.0,36.0,42.0
392.0,398.0,36.0,42.0
395.0,400.0,36.0,42.0
392.0,399.0,36.0,42.0
393.0,400.0,11.0,17.0
377.0,420.0,11.0,17.0
364.0,420.0,11.0,17.0
388.0,419.0,11.0,17.0
380.0,421.0,11.0,17.0
388.0,421.0,11.0,17.0
389.0,419.0,11.0,17.0
391.0,416.0,11.0,17.0
397.0,414.0,11.0,17.0
397.0,413.0,11.0,17.0
397.0,410.0,11.0,17.0
398.0,403.0,19.0,25.0
404.0,405.0,11.0,17.0
397.0,403.0,11.0,17.0
412.0,404.0,11.0,17.0
416.0,403.0,11.0,17.0
414.0,403.0,11.0,17.0
410.0,403.0,11.0,17.0
410.0,402.0,11.0,17.0
424.0,410.0,11.0,17.0
424.0,410.0,11.0,17.0
427.0,411.0,11.0,17.0
427.0,414.0,11.0,17.0
429.0,415.0,11.0,17.0
429.0,415.0,11.0,17.0
426.0,417.0,11.0,17.0
434.0,419.0,11.0,17.0
441.0,420.0,11.0,17.0
439.0,422.0,11.0,17.0
449.0,425.0,11.0,17.0
471.0,428.0,11.0,17.0
486.0,425.0,11.0,17.0
505.0,423.0,11.0,17.0
510.0,419.0,11.0,17.0
507.0,417.0,11.0,17.0
497.0,414.0,11.0,17.0
497.0,411.0,11.0,17.0
492.0,401.0,19.0,25.0
503.0,405.0,11.0,17.0
519.0,408.0,11.0,17.0
520.0,411.0,11.0,17.0
492.0,389.0,11.0,17.0
460.0,359.0,11.0,17.0
458.0,359.0,11.0,17.0
459.0,361.0,11.0,17.0
460.0,368.0,11.0,17.0
462.0,374.0,11.0,17.0
464.0,377.0,11.0,17.0
465.0,376.0,11.0,17.0
466.0,376.0,11.0,17.0
466.0,375.0,11.0,17.0
466.0,374.0,11.0,17.0
466.0,373.0,11.0,17.0
466.0,373.0,11.0,17.0
465.0,372.0,11.0,17.0
465.0,371.0,11.0,17.0
465.0,370.0,11.0,17.0
465.0,369.0,11.0,17.0
465.0,368.0,11.0,17.0
465.0,367.0,11.0,17.0
464.0,366.0,11.0,17.0
464.0,365.0,11.0,17.0
464.0,364.0,11.0,17.0
464.0,363.0,11.0,17.0
464.0,362.0,11.0,17.0
464.0,361.0,11.0,17.0
463.0,360.0,11.0,17.0
463.0,358.0,11.0,17.0
463.0,357.0,11.0,17.0
463.0,356.0,11.0,17.0
463.0,354.0,11.0,17.0
462.0,353.0,11.0,17.0
462.0,351.0,11.0,17.0
462.0,350.0,11.0,17.0
462.0,349.0,11.0,17.0
462.0,347.0,11.0,17.0
462.0,346.0,11.0,17.0
462.0,344.0,11.0,17.0
462.0,343.0,11.0,17.0
462.0,341.0,11.0,17.0
462.0,340.0,11.0,17.0
462.0,338.0,11.0,17.0
461.0,336.0,11.0,17.0
461.0,334.0,11.0,17.0
461.0,333.0,11.0,17.0
461.0,331.0,11.0,17.0
461.0,330.0,11.0,17.0
460.0,328.0,11.0,17.0
460.0,326.0,11.0,17.0
460.0,325.0,11.0,17.0
460.0,323.0,11.0,17.0
460.0,321.0,11.0,17.0
460.0,320.0,11.0,17.0
461.0,319.0,11.0,17.0
461.0,317.0,11.0,17.0
461.0,316.0,11.0,17.0
461.0,314.0,11.0,17.0
462.0,313.0,11.0,17.0
463.0,312.0,11.0,17.0
466.0,312.0,11.0,17.0
468.0,312.0,11.0,17.0
470.0,313.0,11.0,17.0
471.0,313.0,11.0,17.0
473.0,314.0,11.0,17.0
475.0,315.0,11.0,17.0
477.0,316.0,11.0,17.0
478.0,316.0,11.0,17.0
480.0,316.0,11.0,17.0
482.0,316.0,11.0,17.0
484.0,317.0,11.0,17.0
486.0,317.0,11.0,17.0
488.0,318.0,11.0,17.0
490.0,319.0,11.0,17.0
492.0,319.0,11.0,17.0
494.0,320.0,11.0,17.0
496.0,321.0,11.0,17.0
498.0,321.0,11.0,17.0
501.0,322.0,11.0,17.0
503.0,323.0,11.0,17.0
505.0,324.0,11.0,17.0
508.0,326.0,11.0,17.0
510.0,327.0,11.0,17.0
513.0,328.0,11.0,17.0
515.0,329.0,11.0,17.0
518.0,330.0,11.0,17.0
521.0,331.0,11.0,17.0
525.0,333.0,11.0,17.0
528.0,334.0,11.0,17.0
530.0,335.0,11.0,17.0
533.0,336.0,11.0,17.0
537.0,338.0,11.0,17.0
541.0,340.0,11.0,17.0
544.0,342.0,11.0,17.0
548.0,343.0,11.0,17.0
551.0,344.0,11.0,17.0
555.0,346.0,11.0,17.0
559.0,348.0,11.0,17.0
564.0,350.0,11.0,17.0
568.0,352.0,11.0,17.0
572.0,353.0,11.0,17.0
577.0,355.0,11.0,17.0
583.0,358.0,11.0,17.0
588.0,360.0,11.0,17.0
592.0,362.0,11.0,17.0
597.0,364.0,11.0,17.0
605.0,368.0,11.0,17.0
611.0,371.0,11.0,17.0
617.0,374.0,11.0,17.0
624.0,378.0,11.0,17.0
631.0,381.0,11.0,17.0
638.0,384.0,11.0,17.0
645.0,387.0,11.0,17.0
641.0,379.0,33.0,39.0
648.0,382.0,33.0,39.0
655.0,385.0,33.0,39.0
662.0,388.0,33.0,39.0
670.0,391.0,36.0,42.0
661.0,371.0,36.0,42.0
667.0,373.0,36.0,42.0
673.0,375.0,36.0,42.0
681.0,377.0,36.0,42.0
682.0,377.0,36.0,42.0
671.0,379.0,36.0,42.0
675.0,386.0,26.0,32.0
669.0,383.0,36.0,42.0
669.0,384.0,36.0,42.0
670.0,387.0,33.0,39.0
683.0,399.0,11.0,17.0
682.0,401.0,11.0,17.0
682.0,403.0,11.0,17.0
682.0,405.0,11.0,17.0
682.0,407.0,11.0,17.0
682.0,409.0,11.0,17.0
683.0,411.0,11.0,17.0
682.0,414.0,11.0,17.0
683.0,416.0,11.0,17.0
662.0,406.0,11.0,17.0
662.0,409.0,11.0,17.0
657.0,414.0,11.0,17.0
643.0,404.0,11.0,17.0
642.0,406.0,11.0,17.0
642.0,409.0,11.0,17.0
641.0,412.0,11.0,17.0
626.0,410.0,11.0,17.0
621.0,413.0,11.0,17.0
599.0,414.0,11.0,17.0
576.0,402.0,11.0,17.0
559.0,402.0,11.0,17.0
559.0,404.0,11.0,17.0
537.0,406.0,11.0,17.0
527.0,412.0,11.0,17.0
534.0,414.0,11.0,17.0
545.0,414.0,11.0,17.0
529.0,406.0,11.0,17.0
540.0,406.0,11.0,17.0
541.0,409.0,11.0,17.0
543.0,412.0,11.0,17.0
553.0,409.0,15.0,21.0
555.0,412.0,15.0,21.0
525.0,412.0,15.0,21.0
505.0,412.0,15.0,21.0
479.0,415.0,11.0,17.0
453.0,402.0,15.0,21.0
449.0,401.0,15.0,21.0
448.0,401.0,15.0,21.0
437.0,402.0,11.0,17.0
441.0,403.0,11.0,17.0
444.0,404.0,11.0,17.0
450.0,405.0,11.0,17.0
455.0,406.0,11.0,17.0
461.0,406.0,11.0,17.0
467.0,406.0,11.0,17.0
472.0,410.0,11.0,17.0
477.0,407.0,15.0,21.0
475.0,407.0,15.0,21.0
475.0,407.0,15.0,21.0
468.0,409.0,15.0,21.0
462.0,410.0,15.0,21.0
463.0,410.0,15.0,21.0
474.0,410.0,15.0,21.0
479.0,409.0,15.0,21.0
493.0,409.0,15.0,21.0
500.0,411.0,15.0,21.0
515.0,409.0,15.0,21.0
505.0,387.0,15.0,21.0
499.0,389.0,15.0,21.0
500.0,393.0,15.0,21.0
501.0,399.0,11.0,17.0
498.0,403.0,11.0,17.0
493.0,405.0,11.0,17.0
515.0,396.0,11.0,17.0
515.0,396.0,11.0,17.0
512.0,400.0,11.0,17.0
507.0,404.0,11.0,17.0
503.0,408.0,11.0,17.0
501.0,411.0,11.0,17.0
496.0,412.0,11.0,17.0
487.0,414.0,11.0,17.0
483.0,413.0,11.0,17.0
510.0,406.0,11.0,17.0
503.0,408.0,15.0,21.0