478,143,80,111
477.0,141.0,80,111
476.0,139.0,80,111
474.0,137.0,80,111
473.0,135.0,80,111
471.0,133.0,80,111
470.0,132.0,80,111
468.0,130.0,80,111
467.0,129.0,80,111
466.0,128.0,80,111
465.0,127.0,80,111
464.0,126.0,80,111
464.0,126.0,80,111
463.0,125.0,80,111
462.0,124.0,80,111
462.0,123.0,80,111
461.0,123.0,80,111
460.0,123.0,80,111
458.0,124.0,80,111
457.0,125.0,80,111
455.0,125.0,80,111
453.0,126.0,80,111
451.0,126.0,80,111
448.0,127.0,80,111
444.0,129.0,80,111
440.0,132.0,80,111
434.0,135.0,80,111
428.0,137.0,80,111
420.0,140.0,80,111
412.0,144.0,80,111
403.0,149.0,80,111
393.0,154.0,80,111
383.0,158.0,80,111
372.0,162.0,80,111
362.0,166.0,80,111
352.0,169.0,80,111
340.0,172.0,80,111
327.0,174.0,80,111
316.0,176.0,80,111
305.0,177.0,80,111
295.0,178.0,80,111
288.0,178.0,80,111
281.0,179.0,80,111
276.0,180.0,80,111
272.0,181.0,80,111
270.0,182.0,80,111
269.0,184.0,80,111
269.0,185.0,80,111
270.0,184.0,80,111
272.0,184.0,80,111
274.0,183.0,80,111
276.0,181.0,80,111
279.0,179.0,80,111
281.0,175.0,80,111
283.0,169.0,80,111
284.0,160.0,80,111
285.0,150.0,80,111
286.0,139.0,80,111
288.0,127.0,80,111
288.0,115.0,80,111
289.0,104.0,80,111
289.0,94.0,80,111
289.0,83.0,80,111
288.0,74.0,80,111
287.0,67.0,80,111
286.0,61.0,80,111
286.0,55.0,80,111
286.0,50.0,80,111
286.0,45.0,80,111
286.0,42.0,80,111
287.0,40.0,80,111
288.0,38.0,80,111
290.0,38.0,80,111
293.0,39.0,80,111
297.0,39.0,80,111
301.0,40.0,80,111
306.0,41.0,80,111
311.0,43.0,80,111
317.0,45.0,80,111
323.0,47.0,80,111
330.0,49.0,80,111
338.0,49.0,80,111
347.0,49.0,80,111
357.0,49.0,80,111
366.0,49.0,80,111
378.0,50.0,80,111
389.0,51.0,80,111
399.0,53.0,80,111
411.0,55.0,80,111
422.0,57.0,80,111
410.0,62.0,80,111
414.0,66.0,80,111
446.0,163.0,80,111
452.0,171.0,80,111
454.0,174.0,80,111
450.0,172.0,80,111
449.0,170.0,80,111
448.0,169.0,80,111
448.0,169.0,80,111
449.0,169.0,80,111
449.0,170.0,80,111
448.0,170.0,80,111
448.0,170.0,80,111
447.0,170.0,80,111
446.0,169.0,80,111
446.0,169.0,80,111
446.0,170.0,80,111
446.0,171.0,80,111
446.0,174.0,80,111
446.0,179.0,80,111
442.0,182.0,80,111
436.0,185.0,80,111
429.0,187.0,80,111
419.0,190.0,80,111
414.0,154.0,80,111
410.0,158.0,80,111
406.0,162.0,80,111
403.0,166.0,80,111
398.0,170.0,80,111
391.0,175.0,80,111
383.0,180.0,80,111
376.0,185.0,80,111
368.0,190.0,80,111
360.0,194.0,80,111
353.0,198.0,80,111
345.0,200.0,80,111
338.0,203.0,80,111
331.0,205.0,80,111
325.0,206.0,80,111
321.0,205.0,80,111
318.0,205.0,80,111
317.0,205.0,80,111
318.0,205.0,80,111
321.0,204.0,80,111
325.0,204.0,80,111
332.0,205.0,80,111
340.0,206.0,80,111
349.0,208.0,80,111
360.0,211.0,80,111
371.0,215.0,80,111
382.0,219.0,80,111
393.0,222.0,80,111
404.0,226.0,80,111
415.0,229.0,80,111
428.0,233.0,80,111
438.0,237.0,80,111
448.0,241.0,80,111
457.0,248.0,80,111
464.0,254.0,80,111
469.0,257.0,80,111
471.0,257.0,80,111
470.0,256.0,80,111
467.0,253.0,80,111
462.0,249.0,80,111
457.0,242.0,80,111
453.0,235.0,80,111
449.0,232.0,80,111
447.0,231.0,80,111
447.0,230.0,80,111
448.0,228.0,80,111
449.0,226.0,80,111
450.0,223.0,80,111
451.0,218.0,80,111
453.0,215.0,80,111
455.0,213.0,80,111
455.0,214.0,80,111
454.0,215.0,80,111
451.0,215.0,80,111
446.0,214.0,80,111
439.0,212.0,80,111
430.0,209.0,80,111
420.0,209.0,80,111
407.0,209.0,80,111
394.0,208.0,80,111
380.0,207.0,80,111
366.0,206.0,80,111
349.0,204.0,80,111
333.0,201.0,80,111
317.0,198.0,80,111
302.0,193.0,80,111
289.0,190.0,80,111
277.0,187.0,80,111
266.0,185.0,80,111
257.0,184.0,80,111
249.0,184.0,80,111
241.0,184.0,80,111
234.0,185.0,80,111
227.0,187.0,80,111
220.0,190.0,80,111
213.0,194.0,80,111
206.0,198.0,80,111
200.0,201.0,80,111
194.0,205.0,80,111
189.0,207.0,80,111
184.0,209.0,80,111
180.0,211.0,80,111
176.0,213.0,80,111
172.0,214.0,80,111
169.0,216.0,80,111
167.0,216.0,80,111
166.0,216.0,80,111
165.0,217.0,80,111
164.0,217.0,80,111
162.0,216.0,80,111
160.0,214.0,80,111
158.0,211.0,80,111
155.0,205.0,80,111
152.0,200.0,80,111
148.0,193.0,80,111
144.0,184.0,80,111
140.0,175.0,80,111
137.0,165.0,80,111
134.0,154.0,80,111
131.0,143.0,80,111
128.0,131.0,80,111
127.0,119.0,80,111
127.0,108.0,80,111
128.0,97.0,80,111
129.0,87.0,80,111
131.0,75.0,80,111
135.0,63.0,80,111
139.0,52.0,80,111
145.0,43.0,80,111
151.0,34.0,80,111
159.0,28.0,80,111
171.0,23.0,80,111
182.0,19.0,80,111
189.0,16.0,80,111
200.0,13.0,80,111
209.0,10.0,80,111
219.0,9.0,80,111
228.0,8.0,80,111
235.0,7.0,80,111
240.0,6.0,80,111
246.0,5.0,80,111
250.0,6.0,80,111
253.0,7.0,80,111
255.0,8.0,80,111
257.0,10.0,80,111
257.0,13.0,80,111
257.0,15.0,80,111
257.0,16.0,80,111
256.0,17.0,80,111
254.0,20.0,80,111
253.0,22.0,80,111
252.0,24.0,80,111
251.0,26.0,80,111
250.0,29.0,80,111
250.0,32.0,80,111
250.0,35.0,80,111
251.0,37.0,80,111
253.0,38.0,80,111
255.0,40.0,80,111
257.0,41.0,80,111
259.0,42.0,80,111
263.0,44.0,80,111
265.0,46.0,80,111
266.0,45.0,80,111
267.0,43.0,80,111
270.0,41.0,80,111
274.0,41.0,80,111
278.0,42.0,80,111
280.0,43.0,80,111
281.0,43.0,80,111
281.0,43.0,80,111
280.0,43.0,80,111
278.0,44.0,80,111
278.0,46.0,80,111
278.0,48.0,80,111
278.0,51.0,80,111
277.0,54.0,80,111
276.0,56.0,80,111
275.0,58.0,80,111
273.0,59.0,80,111
273.0,61.0,80,111
273.0,64.0,80,111
274.0,67.0,80,111
275.0,71.0,80,111
276.0,73.0,80,111
276.0,76.0,80,111
277.0,78.0,80,111
276.0,81.0,80,111
276.0,83.0,80,111
277.0,85.0,80,111
277.0,88.0,80,111
278.0,90.0,80,111
278.0,93.0,80,111
278.0,97.0,80,111
278.0,100.0,80,111
278.0,104.0,80,111
279.0,107.0,80,111
280.0,111.0,80,111
282.0,113.0,80,111
284.0,117.0,80,111
286.0,120.0,80,111
288.0,123.0,80,111
290.0,126.0,80,111
292.0,129.0,80,111
294.0,132.0,80,111
296.0,134.0,80,111
297.0,137.0,80,111
299.0,139.0,80,111
301.0,141.0,80,111
303.0,143.0,80,111
305.0,144.0,80,111
306.0,144.0,80,111
307.0,145.0,80,111
307.0,146.0,80,111
308.0,147.0,80,111
308.0,147.0,80,111
308.0,147.0,80,111
308.0,147.0,80,111
308.0,148.0,80,111
308.0,148.0,80,111
308.0,147.0,80,111
308.0,146.0,80,111
307.0,145.0,80,111
306.0,143.0,80,111
306.0,142.0,80,111
305.0,140.0,80,111
304.0,138.0,80,111
304.0,137.0,80,111
305.0,140.0,80,111
306.0,141.0,80,111
306.0,141.0,80,111
306.0,141.0,80,111
305.0,141.0,80,111
306.0,143.0,80,111
306.0,143.0,80,111
306.0,142.0,80,111
306.0,141.0,80,111
306.0,141.0,80,111
306.0,140.0,80,111
306.0,140.0,80,111
306.0,141.0,80,111
306.0,142.0,80,111
307.0,142.0,80,111
307.0,142.0,80,111
307.0,142.0,80,111
307.0,142.0,80,111
307.0,142.0,80,111
307.0,142.0,80,111
307.0,142.0,80,111
307.0,142.0,80,111
307.0,142.0,80,111
307.0,142.0,80,111
307.0,142.0,80,111
307.0,142.0,80,111
307.0,142.0,80,111
307.0,142.0,80,111
307.0,142.0,80,111
307.0,142.0,80,111
307.0,142.0,80,111
307.0,142.0,80,111
307.0,142.0,80,111
307.0,142.0,80,111
307.0,142.0,80,111
307.0,142.0,80,111
307.0,142.0,80,111
307.0,142.0,80,111
307.0,142.0,80,111
307.0,142.0,80,111
307.0,142.0,80,111
307.0,142.0,80,111
307.0,142.0,80,111
307.0,142.0,80,111
307.0,142.0,80,111
307.0,142.0,80,111
307.0,142.0,80,111
307.0,142.0,80,111
307.0,142.0,80,111
307.0,142.0,80,111
307.0,142.0,80,111
307.0,142.0,80,111
307.0,142.0,80,111
307.0,142.0,80,111
307.0,142.0,80,111
307.0,142.0,80,111
307.0,142.0,80,111
307.0,142.0,80,111
307.0,142.0,80,111
307.0,142.0,80,111
307.0,142.0,80,111
307.0,142.0,80,111
307.0,142.0,80,111
307.0,142.0,80,111
307.0,142.0,80,111
307.0,142.0,80,111
307.0,142.0,80,111
307.0,142.0,80,111
307.0,142.0,80,111
307.0,142.0,80,111
307.0,142.0,80,111
307.0,142.0,80,111
307.0,142.0,80,111
307.0,142.0,80,111
307.0,142.0,80,111
307.0,142.0,80,111
307.0,142.0,80,111
307.0,142.0,80,111
307.0,142.0,80,111
307.0,142.0,80,111
307.0,142.0,80,111
307.0,142.0,80,111
307.0,142.0,80,111
307.0,142.0,80,111
307.0,142.0,80,111
307.0,142.0,80,111
307.0,142.0,80,111
307.0,142.0,80,111
307.0,142.0,80,111
307.0,142.0,80,111
307.0,142.0,80,111
307.0,142.0,80,111
307.0,142.0,80,111
307.0,142.0,80,111
307.0,142.0,80,111
307.0,142.0,80,111
307.0,142.0,80,111
307.0,142.0,80,111
307.0,142.0,80,111
307.0,142.0,80,111
307.0,142.0,80,111
307.0,142.0,80,111
307.0,142.0,80,111
307.0,142.0,80,111
307.0,142.0,80,111
307.0,142.0,80,111
307.0,142.0,80,111
307.0,142.0,80,111
307.0,142.0,80,111
307.0,142.0,80,111
307.0,142.0,80,111
307.0,142.0,80,111
307.0,142.0,80,111
307.0,142.0,80,111
307.0,142.0,80,111
307.0,142.0,80,111
307.0,142.0,80,111
307.0,142.0,80,111
307.0,142.0,80,111
307.0,142.0,80,111
307.0,142.0,80,111
307.0,142.0,80,111
307.0,142.0,80,111
307.0,142.0,80,111
307.0,142.0,80,111
307.0,142.0,80,111
307.0,142.0,80,111
307.0,142.0,80,111
307.0,142.0,80,111
307.0,142.0,80,111
307.0,142.0,80,111
307.0,142.0,80,111
307.0,142.0,80,111
307.0,142.0,80,111
307.0,142.0,80,111
307.0,142.0,80,111
307.0,142.0,80,111
307.0,142.0,80,111
307.0,142.0,80,111
307.0,142.0,80,111
307.0,142.0,80,111
307.0,142.0,80,111
307.0,142.0,80,111
307.0,142.0,80,111
307.0,142.0,80,111
307.0,142.0,80,111
307.0,142.0,80,111
307.0,142.0,80,111
307.0,142.0,80,111
307.0,142.0,80,111
307.0,142.0,80,111
307.0,142.0,80,111
307.0,142.0,80,111
307.0,142.0,80,111
307.0,142.0,80,111
307.0,142.0,80,111
307.0,142.0,80,111
307.0,142.0,80,111
307.0,142.0,80,111
307.0,142.0,80,111
307.0,142.0,80,111
307.0,142.0,80,111
307.0,142.0,80,111
307.0,142.0,80,111
307.0,142.0,80,111
307.0,142.0,80,111
307.0,142.0,80,111
307.0,142.0,80,111
307.0,142.0,80,111
307.0,142.0,80,111
307.0,142.0,80,111
307.0,142.0,80,111
307.0,142.0,80,111
307.0,142.0,80,111
307.0,142.0,80,111
307.0,142.0,80,111
307.0,142.0,80,111
307.0,142.0,80,111
307.0,142.0,80,111
307.0,143.0,80,111
308.0,143.0,80,111
308.0,144.0,80,111
308.0,144.0,80,111
308.0,144.0,80,111
308.0,145.0,80,111
309.0,145.0,80,111
309.0,145.0,80,111
309.0,144.0,80,111
308.0,143.0,80,111
309.0,144.0,80,111
309.0,144.0,80,111
309.0,144.0,80,111
309.0,144.0,80,111
309.0,144.0,80,111
309.0,144.0,80,111
309.0,144.0,80,111
308.0,144.0,80,111
308.0,144.0,80,111
307.0,143.0,80,111
308.0,143.0,80,111
308.0,144.0,80,111
308.0,144.0,80,111
308.0,144.0,80,111
308.0,144.0,80,111
308.0,144.0,80,111
308.0,144.0,80,111
308.0,144.0,80,111
308.0,144.0,80,111
308.0,144.0,80,111
308.0,144.0,80,111
308.0,144.0,80,111
308.0,144.0,80,111
308.0,143.0,80,111
308.0,143.0,80,111
308.0,143.0,80,111
308.0,143.0,80,111
308.0,143.0,80,111
308.0,143.0,80,111
308.0,143.0,80,111
308.0,143.0,80,111
308.0,143.0,80,111
308.0,143.0,80,111
308.0,143.0,80,111
308.0,143.0,80,111
308.0,143.0,80,111
308.0,143.0,80,111
308.0,143.0,80,111
308.0,143.0,80,111
308.0,143.0,80,111
308.0,143.0,80,111
308.0,143.0,80,111
308.0,143.0,80,111
308.0,143.0,80,111
308.0,143.0,80,111
308.0,143.0,80,111
308.0,143.0,80,111
308.0,143.0,80,111
308.0,143.0,80,111
308.0,143.0,80,111
308.0,143.0,80,111
308.0,143.0,80,111
307.0,143.0,80,111
307.0,143.0,80,111
306.0,143.0,80,111
305.0,143.0,80,111
304.0,143.0,80,111
305.0,143.0,80,111
306.0,143.0,80,111
306.0,144.0,80,111
305.0,144.0,80,111
302.0,145.0,80,111
299.0,146.0,80,111
292.0,148.0,80,111
283.0,150.0,80,111
277.0,152.0,80,111
267.0,148.0,90.0,121.0
262.0,148.0,90.0,121.0
251.0,148.0,90.0,121.0
242.0,148.0,90.0,121.0
222.0,150.0,90.0,121.0
213.0,149.0,90.0,121.0
203.0,148.0,90.0,121.0
194.0,149.0,90.0,121.0
188.0,148.0,90.0,121.0
180.0,145.0,90.0,121.0
174.0,143.0,90.0,121.0
169.0,142.0,90.0,121.0
164.0,141.0,90.0,121.0
161.0,140.0,90.0,121.0
160.0,139.0,90.0,121.0
160.0,139.0,90.0,121.0
162.0,138.0,90.0,121.0
165.0,138.0,90.0,121.0
181.0,151.0,64.0,95.0
182.0,150.0,68.0,99.0
196.0,205.0,68.0,99.0
190.0,151.0,68.0,99.0
190.0,146.0,68.0,99.0
191.0,145.0,68.0,99.0
192.0,145.0,68.0,99.0
193.0,144.0,68.0,99.0
193.0,144.0,68.0,99.0
193.0,144.0,68.0,99.0
193.0,143.0,68.0,99.0
193.0,143.0,68.0,99.0
193.0,143.0,68.0,99.0
193.0,142.0,68.0,99.0
193.0,142.0,68.0,99.0
193.0,142.0,68.0,99.0
193.0,141.0,68.0,99.0
193.0,141.0,68.0,99.0
193.0,142.0,68.0,99.0
193.0,142.0,68.0,99.0
193.0,142.0,68.0,99.0
193.0,142.0,68.0,99.0
193.0,142.0,68.0,99.0
194.0,142.0,68.0,99.0
194.0,142.0,68.0,99.0
194.0,142.0,68.0,99.0
194.0,142.0,68.0,99.0
194.0,142.0,68.0,99.0
194.0,142.0,68.0,99.0
194.0,142.0,68.0,99.0
194.0,142.0,68.0,99.0
193.0,142.0,68.0,99.0
193.0,142.0,68.0,99.0
193.0,142.0,68.0,99.0
193.0,142.0,68.0,99.0
193.0,142.0,68.0,99.0
193.0,142.0,68.0,99.0
193.0,142.0,68.0,99.0
193.0,142.0,68.0,99.0
193.0,142.0,68.0,99.0
193.0,142.0,68.0,99.0
193.0,142.0,68.0,99.0
193.0,142.0,68.0,99.0
193.0,142.0,68.0,99.0
193.0,142.0,68.0,99.0
193.0,142.0,68.0,99.0
193.0,142.0,68.0,99.0
193.0,142.0,68.0,99.0
193.0,142.0,68.0,99.0
193.0,142.0,68.0,99.0
193.0,142.0,68.0,99.0
193.0,142.0,68.0,99.0
193.0,142.0,68.0,99.0
193.0,142.0,68.0,99.0
193.0,142.0,68.0,99.0
193.0,142.0,68.0,99.0
193.0,142.0,68.0,99.0
193.0,142.0,68.0,99.0
193.0,142.0,68.0,99.0
193.0,142.0,68.0,99.0
193.0,142.0,68.0,99.0
193.0,142.0,68.0,99.0
193.0,142.0,68.0,99.0
193.0,142.0,68.0,99.0
193.0,142.0,68.0,99.0
193.0,142.0,68.0,99.0
193.0,142.0,68.0,99.0
193.0,142.0,68.0,99.0
193.0,142.0,68.0,99.0
193.0,142.0,68.0,99.0
193.0,142.0,68.0,99.0
193.0,142.0,68.0,99.0
193.0,142.0,68.0,99.0
193.0,142.0,68.0,99.0
193.0,142.0,68.0,99.0
193.0,142.0,68.0,99.0
193.0,142.0,68.0,99.0
193.0,142.0,68.0,99.0
193.0,142.0,68.0,99.0
193.0,142.0,68.0,99.0
193.0,142.0,68.0,99.0
193.0,142.0,68.0,99.0
193.0,142.0,68.0,99.0
193.0,142.0,68.0,99.0
193.0,142.0,68.0,99.0
193.0,142.0,68.0,99.0
193.0,142.0,68.0,99.0
193.0,142.0,68.0,99.0
193.0,142.0,68.0,99.0
193.0,142.0,68.0,99.0
193.0,142.0,68.0,99.0
193.0,142.0,68.0,99.0
193.0,142.0,68.0,99.0
193.0,142.0,68.0,99.0
193.0,142.0,68.0,99.0
193.0,142.0,68.0,99.0
193.0,142.0,68.0,99.0
193.0,142.0,68.0,99.0
193.0,142.0,68.0,99.0
193.0,142.0,68.0,99.0
193.0,142.0,68.0,99.0
193.0,142.0,68.0,99.0
193.0,142.0,68.0,99.0
193.0,142.0,68.0,99.0
193.0,142.0,68.0,99.0
193.0,142.0,68.0,99.0
193.0,142.0,68.0,99.0
193.0,142.0,68.0,99.0
193.0,142.0,68.0,99.0
193.0,142.0,68.0,99.0
193.0,142.0,68.0,99.0
193.0,142.0,68.0,99.0
193.0,142.0,68.0,99.0
193.0,142.0,68.0,99.0
193.0,142.0,68.0,99.0
193.0,142.0,68.0,99.0
193.0,142.0,68.0,99.0
193.0,142.0,68.0,99.0
193.0,142.0,68.0,99.0
193.0,142.0,68.0,99.0
193.0,142.0,68.0,99.0
193.0,142.0,68.0,99.0
193.0,142.0,68.0,99.0
193.0,142.0,68.0,99.0
193.0,142.0,68.0,99.0
193.0,142.0,68.0,99.0
193.0,142.0,68.0,99.0
193.0,142.0,68.0,99.0
193.0,142.0,68.0,99.0
193.0,142.0,68.0,99.0
193.0,142.0,68.0,99.0
193.0,142.0,68.0,99.0
193.0,142.0,68.0,99.0
193.0,142.0,68.0,99.0
193.0,142.0,68.0,99.0
193.0,142.0,68.0,99.0
193.0,142.0,68.0,99.0
193.0,142.0,68.0,99.0
193.0,142.0,68.0,99.0
193.0,142.0,68.0,99.0
193.0,142.0,68.0,99.0
193.0,142.0,68.0,99.0
193.0,142.0,68.0,99.0
193.0,142.0,68.0,99.0
193.0,142.0,68.0,99.0
193.0,142.0,68.0,99.0
193.0,142.0,68.0,99.0
193.0,142.0,68.0,99.0
193.0,142.0,68.0,99.0
193.0,142.0,68.0,99.0
193.0,142.0,68.0,99.0
193.0,142.0,68.0,99.0
193.0,142.0,68.0,99.0
193.0,142.0,68.0,99.0
193.0,142.0,68.0,99.0
193.0,142.0,68.0,99.0
193.0,142.0,68.0,99.0
193.0,142.0,68.0,99.0
193.0,142.0,68.0,99.0
193.0,142.0,68.0,99.0
193.0,142.0,68.0,99.0
193.0,142.0,68.0,99.0
193.0,142.0,68.0,99.0
193.0,142.0,68.0,99.0
193.0,142.0,68.0,99.0
193.0,142.0,68.0,99.0
193.0,142.0,68.0,99.0
193.0,142.0,68.0,99.0
193.0,142.0,68.0,99.0
193.0,142.0,68.0,99.0
193.0,142.0,68.0,99.0
193.0,142.0,68.0,99.0
193.0,142.0,68.0,99.0
193.0,142.0,68.0,99.0
193.0,142.0,68.0,99.0
193.0,142.0,68.0,99.0
193.0,142.0,68.0,99.0
193.0,142.0,68.0,99.0
193.0,142.0,68.0,99.0
193.0,142.0,68.0,99.0
193.0,142.0,68.0,99.0
193.0,142.0,68.0,99.0
193.0,142.0,68.0,99.0
193.0,142.0,68.0,99.0
193.0,142.0,68.0,99.0
193.0,142.0,68.0,99.0
193.0,142.0,68.0,99.0
193.0,142.0,68.0,99.0
193.0,142.0,68.0,99.0
193.0,142.0,68.0,99.0
193.0,142.0,68.0,99.0
193.0,142.0,68.0,99.0
193.0,142.0,68.0,99.0
193.0,142.0,68.0,99.0
193.0,142.0,68.0,99.0
193.0,142.0,68.0,99.0
193.0,142.0,68.0,99.0
193.0,142.0,68.0,99.0
193.0,142.0,68.0,99.0
193.0,142.0,68.0,99.0
193.0,142.0,68.0,99.0
193.0,142.0,68.0,99.0
193.0,142.0,68.0,99.0
193.0,142.0,68.0,99.0
193.0,142.0,68.0,99.0
193.0,142.0,68.0,99.0
193.0,142.0,68.0,99.0
193.0,142.0,68.0,99.0
193.0,142.0,68.0,99.0
193.0,142.0,68.0,99.0
193.0,142.0,68.0,99.0
193.0,142.0,68.0,99.0
193.0,142.0,68.0,99.0
193.0,142.0,68.0,99.0
193.0,142.0,68.0,99.0
193.0,142.0,68.0,99.0
193.0,142.0,68.0,99.0
193.0,142.0,68.0,99.0
193.0,142.0,68.0,99.0
193.0,142.0,68.0,99.0
193.0,142.0,68.0,99.0
193.0,142.0,68.0,99.0
193.0,142.0,68.0,99.0
193.0,142.0,68.0,99.0
193.0,142.0,68.0,99.0
193.0,142.0,68.0,99.0
193.0,142.0,68.0,99.0
193.0,142.0,68.0,99.0
193.0,142.0,68.0,99.0
193.0,142.0,68.0,99.0
193.0,142.0,68.0,99.0
193.0,142.0,68.0,99.0
193.0,142.0,68.0,99.0
193.0,142.0,68.0,99.0
193.0,142.0,68.0,99.0
193.0,142.0,68.0,99.0
193.0,142.0,68.0,99.0
193.0,142.0,68.0,99.0
193.0,142.0,68.0,99.0
193.0,142.0,68.0,99.0
193.0,142.0,68.0,99.0
193.0,142.0,68.0,99.0
193.0,142.0,68.0,99.0
193.0,142.0,68.0,99.0
193.0,142.0,68.0,99.0
193.0,142.0,68.0,99.0
193.0,142.0,68.0,99.0
193.0,142.0,68.0,99.0
193.0,142.0,68.0,99.0
193.0,142.0,68.0,99.0
193.0,142.0,68.0,99.0
193.0,142.0,68.0,99.0
193.0,142.0,68.0,99.0
193.0,142.0,68.0,99.0
193.0,142.0,68.0,99.0
193.0,142.0,68.0,99.0
193.0,142.0,68.0,99.0
193.0,142.0,68.0,99.0
193.0,142.0,68.0,99.0
193.0,142.0,68.0,99.0
193.0,142.0,68.0,99.0
193.0,142.0,68.0,99.0
193.0,142.0,68.0,99.0
193.0,142.0,68.0,99.0
193.0,142.0,68.0,99.0
193.0,142.0,68.0,99.0
193.0,142.0,68.0,99.0
193.0,142.0,68.0,99.0
193.0,142.0,68.0,99.0
193.0,142.0,68.0,99.0
193.0,142.0,68.0,99.0
193.0,142.0,68.0,99.0
193.0,142.0,68.0,99.0
193.0,142.0,68.0,99.0
193.0,142.0,68.0,99.0
193.0,142.0,68.0,99.0
193.0,142.0,68.0,99.0
193.0,142.0,68.0,99.0
193.0,142.0,68.0,99.0
193.0,142.0,68.0,99.0
193.0,142.0,68.0,99.0
193.0,142.0,68.0,99.0
193.0,142.0,68.0,99.0
193.0,142.0,68.0,99.0
193.0,142.0,68.0,99.0
193.0,142.0,68.0,99.0
193.0,142.0,68.0,99.0
193.0,142.0,68.0,99.0
193.0,142.0,68.0,99.0
193.0,142.0,68.0,99.0
193.0,142.0,68.0,99.0
193.0,142.0,68.0,99.0
193.0,142.0,68.0,99.0
193.0,142.0,68.0,99.0
193.0,142.0,68.0,99.0
193.0,142.0,68.0,99.0
193.0,142.0,68.0,99.0
193.0,142.0,68.0,99.0
193.0,142.0,68.0,99.0
193.0,142.0,68.0,99.0
193.0,142.0,68.0,99.0
193.0,142.0,68.0,99.0
193.0,142.0,68.0,99.0
193.0,142.0,68.0,99.0
193.0,142.0,68.0,99.0
193.0,142.0,68.0,99.0
193.0,142.0,68.0,99.0
193.0,142.0,68.0,99.0
193.0,142.0,68.0,99.0
193.0,142.0,68.0,99.0
193.0,142.0,68.0,99.0
193.0,142.0,68.0,99.0
193.0,142.0,68.0,99.0
193.0,142.0,68.0,99.0
193.0,142.0,68.0,99.0
193.0,142.0,68.0,99.0
193.0,142.0,68.0,99.0
193.0,142.0,68.0,99.0
193.0,142.0,68.0,99.0
193.0,142.0,68.0,99.0
193.0,142.0,68.0,99.0
193.0,142.0,68.0,99.0
193.0,142.0,68.0,99.0
193.0,142.0,68.0,99.0
193.0,142.0,68.0,99.0
193.0,142.0,68.0,99.0
193.0,142.0,68.0,99.0
193.0,142.0,68.0,99.0
193.0,142.0,68.0,99.0
193.0,142.0,68.0,99.0
193.0,142.0,68.0,99.0
193.0,142.0,68.0,99.0
193.0,142.0,68.0,99.0
193.0,142.0,68.0,99.0
193.0,142.0,68.0,99.0
193.0,142.0,68.0,99.0
193.0,142.0,68.0,99.0
193.0,142.0,68.0,99.0
193.0,142.0,68.0,99.0
193.0,142.0,68.0,99.0
193.0,142.0,68.0,99.0
193.0,142.0,68.0,99.0
193.0,142.0,68.0,99.0
193.0,142.0,68.0,99.0
193.0,142.0,68.0,99.0
193.0,142.0,68.0,99.0
193.0,142.0,68.0,99.0
193.0,142.0,68.0,99.0
193.0,142.0,68.0,99.0
193.0,142.0,68.0,99.0
193.0,142.0,68.0,99.0
193.0,142.0,68.0,99.0
193.0,142.0,68.0,99.0
193.0,142.0,68.0,99.0
193.0,142.0,68.0,99.0
193.0,142.0,68.0,99.0
193.0,142.0,68.0,99.0
193.0,142.0,68.0,99.0
193.0,142.0,68.0,99.0
193.0,142.0,68.0,99.0
193.0,142.0,68.0,99.0
193.0,142.0,68.0,99.0
193.0,142.0,68.0,99.0
193.0,142.0,68.0,99.0
193.0,142.0,68.0,99.0
193.0,142.0,68.0,99.0
193.0,142.0,68.0,99.0
193.0,142.0,68.0,99.0
193.0,142.0,68.0,99.0
192.0,142.0,68.0,99.0
192.0,142.0,68.0,99.0
192.0,142.0,68.0,99.0
193.0,142.0,68.0,99.0
193.0,142.0,68.0,99.0
193.0,142.0,68.0,99.0
193.0,142.0,68.0,99.0
193.0,142.0,68.0,99.0
193.0,142.0,68.0,99.0
193.0,142.0,68.0,99.0
193.0,142.0,68.0,99.0
193.0,142.0,68.0,99.0
193.0,142.0,68.0,99.0
193.0,142.0,68.0,99.0
193.0,142.0,68.0,99.0
193.0,142.0,68.0,99.0
193.0,142.0,68.0,99.0
193.0,142.0,68.0,99.0
193.0,142.0,68.0,99.0
193.0,142.0,68.0,99.0
193.0,142.0,68.0,99.0
193.0,142.0,68.0,99.0
193.0,142.0,68.0,99.0
193.0,142.0,68.0,99.0
193.0,142.0,68.0,99.0
193.0,142.0,68.0,99.0
193.0,142.0,68.0,99.0
193.0,142.0,68.0,99.0
193.0,142.0,68.0,99.0
193.0,142.0,68.0,99.0
193.0,142.0,68.0,99.0
193.0,142.0,68.0,99.0
193.0,142.0,68.0,99.0
193.0,142.0,68.0,99.0
193.0,142.0,68.0,99.0
193.0,142.0,68.0,99.0
193.0,142.0,68.0,99.0
193.0,142.0,68.0,99.0
193.0,142.0,68.0,99.0
193.0,142.0,68.0,99.0
193.0,142.0,68.0,99.0
193.0,142.0,68.0,99.0
193.0,142.0,68.0,99.0
193.0,142.0,68.0,99.0
193.0,142.0,68.0,99.0
193.0,142.0,68.0,99.0
193.0,142.0,68.0,99.0
193.0,142.0,68.0,99.0
193.0,142.0,68.0,99.0
193.0,142.0,68.0,99.0
193.0,142.0,68.0,99.0
193.0,142.0,68.0,99.0
193.0,142.0,68.0,99.0
193.0,142.0,68.0,99.0
193.0,142.0,68.0,99.0
193.0,142.0,68.0,99.0
193.0,142.0,68.0,99.0
193.0,142.0,68.0,99.0
193.0,142.0,68.0,99.0
193.0,142.0,68.0,99.0
193.0,142.0,68.0,99.0
193.0,142.0,68.0,99.0
193.0,142.0,68.0,99.0
193.0,142.0,68.0,99.0
193.0,142.0,68.0,99.0
193.0,142.0,68.0,99.0
193.0,142.0,68.0,99.0
193.0,142.0,68.0,99.0
193.0,142.0,68.0,99.0
193.0,142.0,68.0,99.0
193.0,142.0,68.0,99.0
193.0,142.0,68.0,99.0
193.0,142.0,68.0,99.0
193.0,142.0,68.0,99.0
193.0,142.0,68.0,99.0
193.0,142.0,68.0,99.0
193.0,142.0,68.0,99.0
193.0,142.0,68.0,99.0
193.0,142.0,68.0,99.0
193.0,142.0,68.0,99.0
193.0,142.0,68.0,99.0
193.0,142.0,68.0,99.0
193.0,142.0,68.0,99.0
193.0,142.0,68.0,99.0
193.0,142.0,68.0,99.0
193.0,142.0,68.0,99.0
193.0,142.0,68.0,99.0
193.0,142.0,68.0,99.0
193.0,142.0,68.0,99.0
193.0,142.0,68.0,99.0
193.0,142.0,68.0,99.0
193.0,142.0,68.0,99.0
193.0,142.0,68.0,99.0
193.0,142.0,68.0,99.0
193.0,142.0,68.0,99.0
193.0,142.0,68.0,99.0
193.0,142.0,68.0,99.0
193.0,142.0,68.0,99.0
193.0,142.0,68.0,99.0
193.0,142.0,68.0,99.0
193.0,142.0,68.0,99.0
193.0,142.0,68.0,99.0
193.0,142.0,68.0,99.0
193.0,142.0,68.0,99.0
193.0,142.0,68.0,99.0
193.0,142.0,68.0,99.0
193.0,142.0,68.0,99.0
193.0,142.0,68.0,99.0
193.0,142.0,68.0,99.0
193.0,142.0,68.0,99.0
193.0,142.0,68.0,99.0
193.0,142.0,68.0,99.0
193.0,142.0,68.0,99.0
193.0,142.0,68.0,99.0
193.0,142.0,68.0,99.0
193.0,142.0,68.0,99.0
193.0,142.0,68.0,99.0
193.0,142.0,68.0,99.0
193.0,142.0,68.0,99.0
193.0,142.0,68.0,99.0
193.0,142.0,68.0,99.0
193.0,142.0,68.0,99.0
193.0,142.0,68.0,99.0
193.0,142.0,68.0,99.0
193.0,142.0,68.0,99.0
193.0,142.0,68.0,99.0
193.0,142.0,68.0,99.0
193.0,142.0,68.0,99.0
193.0,142.0,68.0,99.0
193.0,142.0,68.0,99.0
193.0,142.0,68.0,99.0
193.0,142.0,68.0,99.0
193.0,142.0,68.0,99.0
193.0,142.0,68.0,99.0
193.0,142.0,68.0,99.0
193.0,142.0,68.0,99.0
193.0,142.0,68.0,99.0
193.0,142.0,68.0,99.0
193.0,142.0,68.0,99.0
193.0,142.0,68.0,99.0
193.0,142.0,68.0,99.0
193.0,142.0,68.0,99.0
193.0,142.0,68.0,99.0
193.0,142.0,68.0,99.0
193.0,142.0,68.0,99.0
193.0,142.0,68.0,99.0
193.0,142.0,68.0,99.0
193.0,142.0,68.0,99.0
193.0,142.0,68.0,99.0
193.0,142.0,68.0,99.0
193.0,142.0,68.0,99.0
193.0,142.0,68.0,99.0
193.0,142.0,68.0,99.0
193.0,142.0,68.0,99.0
193.0,142.0,68.0,99.0
193.0,142.0,68.0,99.0
193.0,142.0,68.0,99.0
193.0,142.0,68.0,99.0
193.0,142.0,68.0,99.0
193.0,142.0,68.0,99.0
193.0,142.0,68.0,99.0
193.0,142.0,68.0,99.0
193.0,142.0,68.0,99.0
193.0,142.0,68.0,99.0
193.0,142.0,68.0,99.0
193.0,142.0,68.0,99.0
193.0,142.0,68.0,99.0
193.0,142.0,68.0,99.0
193.0,142.0,68.0,99.0
193.0,142.0,68.0,99.0
193.0,142.0,68.0,99.0
193.0,142.0,68.0,99.0
193.0,142.0,68.0,99.0
193.0,142.0,68.0,99.0
193.0,142.0,68.0,99.0
193.0,142.0,68.0,99.0
193.0,142.0,68.0,99.0
193.0,142.0,68.0,99.0
193.0,142.0,68.0,99.0
193.0,142.0,68.0,99.0
193.0,142.0,68.0,99.0
193.0,142.0,68.0,99.0
193.0,142.0,68.0,99.0
193.0,142.0,68.0,99.0
193.0,142.0,68.0,99.0
193.0,142.0,68.0,99.0
193.0,142.0,68.0,99.0
193.0,142.0,68.0,99.0
193.0,142.0,68.0,99.0
193.0,142.0,68.0,99.0
193.0,142.0,68.0,99.0
193.0,142.0,68.0,99.0
193.0,142.0,68.0,99.0
193.0,142.0,68.0,99.0
193.0,142.0,68.0,99.0
193.0,142.0,68.0,99.0
193.0,142.0,68.0,99.0