70,51,107,87
69.0,51.0,107,87
67.0,51.0,107,87
70.0,52.0,107,87
67.0,51.0,107,87
65.0,51.0,107,87
67.0,53.0,107,87
64.0,51.0,107,87
64.0,52.0,107,87
63.0,52.0,107,87
63.0,52.0,107,87
63.0,51.0,107,87
63.0,51.0,107,87
63.0,51.0,107,87
62.0,51.0,107,87
62.0,51.0,107,87
61.0,51.0,107,87
61.0,51.0,107,87
61.0,51.0,107,87
60.0,51.0,107,87
60.0,51.0,107,87
59.0,50.0,107,87
59.0,51.0,107,87
59.0,51.0,107,87
58.0,51.0,107,87
58.0,51.0,107,87
58.0,50.0,107,87
58.0,51.0,107,87
57.0,51.0,107,87
57.0,50.0,107,87
57.0,50.0,107,87
57.0,49.0,107,87
57.0,50.0,107,87
57.0,50.0,107,87
57.0,49.0,107,87
57.0,49.0,107,87
57.0,49.0,107,87
57.0,49.0,107,87
57.0,50.0,107,87
57.0,50.0,107,87
58.0,49.0,107,87
58.0,49.0,107,87
58.0,49.0,107,87
58.0,50.0,107,87
59.0,50.0,107,87
59.0,50.0,107,87
59.0,51.0,107,87
60.0,51.0,107,87
60.0,50.0,107,87
60.0,50.0,107,87
60.0,50.0,107,87
61.0,50.0,107,87
60.0,51.0,107,87
60.0,52.0,107,87
61.0,51.0,107,87
61.0,52.0,107,87
61.0,53.0,107,87
61.0,52.0,107,87
61.0,53.0,107,87
62.0,52.0,107,87
62.0,52.0,107,87
61.0,53.0,107,87
61.0,54.0,107,87
62.0,53.0,107,87
62.0,52.0,107,87
62.0,52.0,107,87
62.0,51.0,107,87
62.0,51.0,107,87
62.0,52.0,107,87
62.0,50.0,107,87
62.0,51.0,107,87
63.0,50.0,107,87
62.0,49.0,107,87
62.0,49.0,107,87
62.0,47.0,107,87
62.0,47.0,107,87
61.0,48.0,107,87
61.0,48.0,107,87
60.0,49.0,107,87
60.0,49.0,107,87
60.0,49.0,107,87
60.0,49.0,107,87
60.0,49.0,107,87
60.0,50.0,107,87
60.0,50.0,107,87
60.0,50.0,107,87
59.0,50.0,107,87
59.0,51.0,107,87
59.0,50.0,107,87
59.0,50.0,107,87
59.0,51.0,107,87
59.0,51.0,107,87
59.0,51.0,107,87
59.0,51.0,107,87
59.0,50.0,107,87
59.0,50.0,107,87
59.0,49.0,107,87
59.0,49.0,107,87
59.0,49.0,107,87
60.0,49.0,107,87
60.0,49.0,107,87
60.0,49.0,107,87
61.0,48.0,107,87
61.0,47.0,107,87
62.0,47.0,107,87
62.0,47.0,107,87
62.0,47.0,107,87
63.0,47.0,107,87
63.0,46.0,107,87
63.0,47.0,107,87
63.0,47.0,107,87
63.0,47.0,107,87
63.0,48.0,107,87
64.0,48.0,107,87
64.0,48.0,107,87
64.0,48.0,107,87
65.0,48.0,107,87
65.0,48.0,107,87
65.0,50.0,107,87
65.0,51.0,107,87
65.0,51.0,107,87
66.0,51.0,107,87
66.0,51.0,107,87
66.0,51.0,107,87
67.0,52.0,107,87
67.0,52.0,107,87
67.0,52.0,107,87
68.0,53.0,107,87
68.0,54.0,107,87
68.0,55.0,107,87
69.0,55.0,107,87
69.0,54.0,107,87
69.0,54.0,107,87
70.0,53.0,107,87
70.0,52.0,107,87
70.0,51.0,107,87
71.0,50.0,107,87
71.0,50.0,107,87
72.0,49.0,107,87
72.0,48.0,107,87
72.0,47.0,107,87
73.0,47.0,107,87
73.0,46.0,107,87
74.0,45.0,107,87
74.0,44.0,107,87
74.0,44.0,107,87
74.0,43.0,107,87
75.0,43.0,107,87
75.0,43.0,107,87
76.0,42.0,107,87
76.0,42.0,107,87
77.0,42.0,107,87
77.0,42.0,107,87
78.0,43.0,107,87
78.0,44.0,107,87
79.0,45.0,107,87
79.0,45.0,107,87
80.0,46.0,107,87
80.0,46.0,107,87
81.0,47.0,107,87
81.0,47.0,107,87
80.0,48.0,107,87
81.0,47.0,107,87
82.0,48.0,107,87
82.0,48.0,107,87
83.0,48.0,107,87
83.0,48.0,107,87
83.0,49.0,107,87
83.0,49.0,107,87
84.0,50.0,107,87
84.0,50.0,107,87
84.0,49.0,107,87
85.0,50.0,107,87
85.0,50.0,107,87
86.0,51.0,107,87
85.0,51.0,107,87
86.0,51.0,107,87
86.0,49.0,107,87
87.0,48.0,107,87
87.0,48.0,107,87
87.0,48.0,107,87
98.0,57.0,87.0,67.0
98.0,57.0,87.0,67.0
98.0,57.0,87.0,67.0
97.0,55.0,91.0,71.0
151.0,123.0,91.0,71.0
102.0,58.0,87.0,67.0
81.0,96.0,87.0,67.0
95.0,53.0,95.0,75.0
77.0,92.0,95.0,75.0
77.0,92.0,95.0,75.0
77.0,92.0,95.0,75.0
113.0,92.0,95.0,75.0
104.0,56.0,87.0,67.0
81.0,96.0,87.0,67.0
81.0,96.0,87.0,67.0
81.0,96.0,87.0,67.0
80.0,96.0,87.0,67.0
81.0,95.0,87.0,67.0
80.0,95.0,87.0,67.0
81.0,96.0,87.0,67.0
80.0,96.0,87.0,67.0
80.0,99.0,87.0,67.0
81.0,99.0,87.0,67.0
81.0,100.0,87.0,67.0
81.0,100.0,87.0,67.0
82.0,101.0,87.0,67.0
82.0,101.0,87.0,67.0
82.0,102.0,87.0,67.0
83.0,102.0,87.0,67.0
83.0,102.0,87.0,67.0
83.0,102.0,87.0,67.0
83.0,103.0,87.0,67.0
84.0,103.0,87.0,67.0
84.0,103.0,87.0,67.0
85.0,104.0,87.0,67.0
85.0,103.0,87.0,67.0
86.0,105.0,87.0,67.0
87.0,105.0,87.0,67.0
87.0,104.0,87.0,67.0
88.0,106.0,87.0,67.0
88.0,105.0,87.0,67.0
89.0,107.0,87.0,67.0
89.0,107.0,87.0,67.0
90.0,108.0,87.0,67.0
90.0,108.0,87.0,67.0
91.0,108.0,87.0,67.0
92.0,108.0,87.0,67.0
93.0,109.0,87.0,67.0
94.0,109.0,87.0,67.0
94.0,109.0,87.0,67.0
95.0,111.0,87.0,67.0
95.0,112.0,87.0,67.0
96.0,113.0,87.0,67.0
96.0,113.0,87.0,67.0
96.0,114.0,87.0,67.0
96.0,115.0,87.0,67.0
97.0,116.0,87.0,67.0
97.0,116.0,87.0,67.0
97.0,117.0,87.0,67.0
98.0,117.0,87.0,67.0
98.0,118.0,87.0,67.0
99.0,118.0,87.0,67.0
99.0,119.0,87.0,67.0
99.0,120.0,87.0,67.0
100.0,119.0,87.0,67.0
100.0,121.0,87.0,67.0
101.0,120.0,87.0,67.0
101.0,120.0,87.0,67.0
102.0,120.0,87.0,67.0
103.0,119.0,87.0,67.0
103.0,118.0,87.0,67.0
103.0,119.0,87.0,67.0
103.0,117.0,87.0,67.0
104.0,116.0,87.0,67.0
103.0,114.0,87.0,67.0
104.0,116.0,87.0,67.0
105.0,115.0,87.0,67.0
105.0,115.0,87.0,67.0
105.0,116.0,87.0,67.0
105.0,116.0,87.0,67.0
88.0,101.0,122.0,102.0
91.0,103.0,117.0,97.0
95.0,104.0,112.0,92.0
96.0,104.0,112.0,92.0
96.0,105.0,112.0,92.0
97.0,104.0,112.0,92.0
97.0,105.0,112.0,92.0
97.0,105.0,112.0,92.0
98.0,107.0,112.0,92.0
98.0,108.0,112.0,92.0
98.0,108.0,112.0,92.0
99.0,111.0,112.0,92.0
99.0,110.0,112.0,92.0
99.0,109.0,112.0,92.0
99.0,108.0,112.0,92.0
99.0,107.0,112.0,92.0
100.0,105.0,112.0,92.0
101.0,105.0,112.0,92.0
102.0,104.0,112.0,92.0
102.0,103.0,112.0,92.0
101.0,105.0,112.0,92.0
101.0,105.0,112.0,92.0
101.0,106.0,112.0,92.0
102.0,108.0,112.0,92.0
109.0,116.0,95.0,75.0
109.0,116.0,95.0,75.0
109.0,116.0,95.0,75.0
109.0,115.0,95.0,75.0
109.0,114.0,95.0,75.0
110.0,113.0,95.0,75.0
110.0,113.0,95.0,75.0
110.0,113.0,95.0,75.0
110.0,113.0,95.0,75.0
111.0,113.0,95.0,75.0
110.0,115.0,95.0,75.0
111.0,116.0,95.0,75.0
111.0,116.0,95.0,75.0
111.0,117.0,95.0,75.0
111.0,117.0,95.0,75.0
111.0,117.0,95.0,75.0
111.0,116.0,95.0,75.0
112.0,117.0,95.0,75.0
112.0,115.0,95.0,75.0
112.0,116.0,95.0,75.0
113.0,116.0,95.0,75.0
113.0,117.0,95.0,75.0
114.0,118.0,95.0,75.0
115.0,117.0,95.0,75.0
115.0,119.0,95.0,75.0
115.0,119.0,95.0,75.0
115.0,119.0,95.0,75.0
116.0,120.0,95.0,75.0
116.0,121.0,95.0,75.0
117.0,122.0,95.0,75.0
117.0,123.0,95.0,75.0
117.0,122.0,95.0,75.0
118.0,123.0,95.0,75.0
119.0,122.0,95.0,75.0
119.0,122.0,95.0,75.0
120.0,123.0,95.0,75.0
120.0,123.0,95.0,75.0
120.0,123.0,95.0,75.0
120.0,123.0,95.0,75.0
120.0,123.0,95.0,75.0
120.0,122.0,95.0,75.0
120.0,122.0,95.0,75.0
121.0,121.0,95.0,75.0
121.0,122.0,95.0,75.0
122.0,122.0,95.0,75.0
123.0,122.0,95.0,75.0
112.0,111.0,117.0,97.0
110.0,109.0,122.0,102.0
116.0,115.0,109.0,89.0
115.0,114.0,112.0,92.0
116.0,114.0,112.0,92.0
116.0,114.0,112.0,92.0
108.0,106.0,127.0,107.0
205.0,192.0,127.0,107.0
87.0,77.0,127.0,107.0
105.0,105.0,127.0,107.0
107.0,106.0,127.0,107.0
108.0,105.0,127.0,107.0
109.0,105.0,127.0,107.0
109.0,104.0,127.0,107.0
109.0,103.0,127.0,107.0
110.0,104.0,127.0,107.0
110.0,105.0,127.0,107.0
109.0,109.0,127.0,107.0
109.0,113.0,127.0,107.0
110.0,114.0,127.0,107.0
110.0,114.0,127.0,107.0
110.0,114.0,127.0,107.0
131.0,132.0,87.0,67.0
131.0,130.0,87.0,67.0
131.0,126.0,87.0,67.0
132.0,119.0,87.0,67.0
132.0,116.0,87.0,67.0
132.0,114.0,87.0,67.0
133.0,116.0,87.0,67.0
133.0,116.0,87.0,67.0
133.0,118.0,87.0,67.0
133.0,120.0,87.0,67.0
133.0,123.0,87.0,67.0
133.0,125.0,87.0,67.0
134.0,126.0,87.0,67.0
134.0,127.0,87.0,67.0
134.0,127.0,87.0,67.0
134.0,127.0,87.0,67.0
135.0,127.0,87.0,67.0
135.0,126.0,87.0,67.0
135.0,126.0,87.0,67.0
135.0,125.0,87.0,67.0
135.0,125.0,87.0,67.0
135.0,125.0,87.0,67.0
135.0,124.0,87.0,67.0
135.0,125.0,87.0,67.0
135.0,124.0,87.0,67.0
135.0,124.0,87.0,67.0
135.0,125.0,87.0,67.0
135.0,124.0,87.0,67.0
135.0,125.0,87.0,67.0
136.0,125.0,87.0,67.0
135.0,126.0,87.0,67.0
135.0,128.0,87.0,67.0
135.0,130.0,87.0,67.0
135.0,129.0,87.0,67.0
135.0,129.0,87.0,67.0
136.0,131.0,87.0,67.0
136.0,132.0,87.0,67.0
134.0,131.0,87.0,67.0
135.0,132.0,87.0,67.0
135.0,129.0,87.0,67.0
135.0,126.0,87.0,67.0
135.0,126.0,87.0,67.0
135.0,125.0,87.0,67.0
134.0,126.0,87.0,67.0
134.0,129.0,87.0,67.0
133.0,129.0,87.0,67.0
133.0,131.0,87.0,67.0
134.0,131.0,87.0,67.0
133.0,130.0,87.0,67.0
133.0,128.0,87.0,67.0
133.0,128.0,87.0,67.0
133.0,127.0,87.0,67.0
133.0,125.0,87.0,67.0
133.0,124.0,87.0,67.0
133.0,124.0,87.0,67.0
132.0,123.0,87.0,67.0
132.0,123.0,87.0,67.0
132.0,123.0,87.0,67.0
132.0,124.0,87.0,67.0
132.0,125.0,87.0,67.0
132.0,125.0,87.0,67.0
132.0,126.0,87.0,67.0
132.0,127.0,87.0,67.0
132.0,125.0,87.0,67.0
131.0,127.0,87.0,67.0
132.0,126.0,87.0,67.0
132.0,125.0,87.0,67.0
131.0,125.0,87.0,67.0
131.0,125.0,87.0,67.0
130.0,125.0,87.0,67.0
131.0,127.0,87.0,67.0
130.0,127.0,87.0,67.0
129.0,127.0,87.0,67.0
129.0,127.0,87.0,67.0
129.0,127.0,87.0,67.0
128.0,127.0,87.0,67.0
128.0,126.0,87.0,67.0
116.0,115.0,109.0,89.0
115.0,115.0,112.0,92.0
107.0,108.0,127.0,107.0
111.0,113.0,117.0,97.0
114.0,115.0,112.0,92.0
113.0,114.0,112.0,92.0
113.0,115.0,112.0,92.0
112.0,115.0,112.0,92.0
108.0,114.0,117.0,97.0
210.0,168.0,117.0,97.0
228.0,174.0,117.0,97.0
214.0,167.0,117.0,97.0
228.0,174.0,117.0,97.0
251.0,192.0,91.0,71.0
270.0,202.0,91.0,71.0
285.0,203.0,109.0,89.0
292.0,209.0,122.0,102.0
210.0,123.0,122.0,102.0
104.0,110.0,122.0,102.0
107.0,116.0,112.0,92.0
106.0,116.0,112.0,92.0
107.0,118.0,109.0,89.0
107.0,116.0,109.0,89.0
106.0,116.0,112.0,92.0
105.0,116.0,112.0,92.0
110.0,121.0,102.0,82.0
106.0,117.0,109.0,89.0
105.0,117.0,109.0,89.0
105.0,116.0,109.0,89.0
105.0,116.0,109.0,89.0
105.0,116.0,109.0,89.0
104.0,116.0,109.0,89.0
105.0,115.0,109.0,89.0
104.0,115.0,109.0,89.0
104.0,116.0,109.0,89.0
103.0,115.0,109.0,89.0
103.0,116.0,109.0,89.0
103.0,115.0,109.0,89.0
103.0,115.0,109.0,89.0
103.0,116.0,109.0,89.0
103.0,116.0,109.0,89.0
103.0,116.0,109.0,89.0
103.0,116.0,109.0,89.0
103.0,116.0,109.0,89.0
103.0,117.0,109.0,89.0
102.0,116.0,112.0,92.0
101.0,115.0,112.0,92.0
102.0,116.0,112.0,92.0
102.0,115.0,112.0,92.0
102.0,116.0,112.0,92.0
101.0,115.0,112.0,92.0
101.0,116.0,112.0,92.0
101.0,115.0,112.0,92.0
102.0,116.0,109.0,89.0
102.0,116.0,109.0,89.0
101.0,115.0,112.0,92.0
102.0,116.0,109.0,89.0
102.0,115.0,109.0,89.0
102.0,116.0,109.0,89.0
101.0,115.0,109.0,89.0
102.0,116.0,109.0,89.0
101.0,116.0,109.0,89.0
101.0,116.0,109.0,89.0
101.0,117.0,109.0,89.0
101.0,117.0,109.0,89.0
101.0,117.0,109.0,89.0
101.0,118.0,109.0,89.0
101.0,118.0,109.0,89.0
101.0,118.0,109.0,89.0
101.0,117.0,109.0,89.0
101.0,117.0,109.0,89.0
101.0,118.0,109.0,89.0
100.0,117.0,109.0,89.0
101.0,118.0,109.0,89.0
100.0,117.0,109.0,89.0
100.0,117.0,109.0,89.0
100.0,117.0,109.0,89.0
100.0,116.0,109.0,89.0
100.0,115.0,109.0,89.0
100.0,114.0,109.0,89.0
100.0,114.0,109.0,89.0
100.0,114.0,109.0,89.0
100.0,114.0,109.0,89.0
100.0,114.0,109.0,89.0
101.0,115.0,109.0,89.0
101.0,115.0,109.0,89.0
101.0,114.0,109.0,89.0
101.0,115.0,109.0,89.0
101.0,115.0,109.0,89.0
101.0,115.0,109.0,89.0
101.0,117.0,109.0,89.0
101.0,115.0,109.0,89.0
101.0,116.0,109.0,89.0
101.0,116.0,109.0,89.0
101.0,115.0,109.0,89.0
101.0,115.0,109.0,89.0
102.0,115.0,109.0,89.0
102.0,116.0,109.0,89.0
101.0,116.0,109.0,89.0
101.0,117.0,109.0,89.0
101.0,117.0,109.0,89.0
102.0,117.0,109.0,89.0
102.0,117.0,109.0,89.0
102.0,117.0,109.0,89.0
102.0,117.0,109.0,89.0
102.0,117.0,109.0,89.0
102.0,117.0,109.0,89.0
102.0,117.0,109.0,89.0
103.0,118.0,109.0,89.0
102.0,118.0,109.0,89.0
103.0,119.0,109.0,89.0
103.0,118.0,109.0,89.0
103.0,119.0,109.0,89.0
103.0,118.0,109.0,89.0
104.0,119.0,109.0,89.0
104.0,119.0,109.0,89.0
104.0,118.0,109.0,89.0
105.0,119.0,109.0,89.0
104.0,118.0,109.0,89.0
105.0,118.0,109.0,89.0
105.0,119.0,109.0,89.0
105.0,118.0,109.0,89.0
106.0,118.0,109.0,89.0
106.0,117.0,109.0,89.0
106.0,117.0,109.0,89.0
107.0,117.0,109.0,89.0
107.0,117.0,109.0,89.0
108.0,117.0,109.0,89.0
108.0,117.0,109.0,89.0
108.0,118.0,109.0,89.0
108.0,118.0,109.0,89.0
108.0,117.0,109.0,89.0
109.0,117.0,109.0,89.0
109.0,117.0,109.0,89.0
110.0,117.0,109.0,89.0
110.0,116.0,109.0,89.0
111.0,116.0,109.0,89.0
111.0,116.0,109.0,89.0
112.0,116.0,109.0,89.0
112.0,117.0,109.0,89.0
112.0,118.0,109.0,89.0
113.0,119.0,109.0,89.0
113.0,119.0,109.0,89.0
114.0,120.0,109.0,89.0
114.0,119.0,109.0,89.0
115.0,120.0,109.0,89.0
115.0,119.0,109.0,89.0
116.0,120.0,109.0,89.0
116.0,119.0,109.0,89.0
116.0,119.0,109.0,89.0
117.0,119.0,109.0,89.0
117.0,118.0,109.0,89.0
118.0,119.0,109.0,89.0
119.0,120.0,109.0,89.0
119.0,120.0,109.0,89.0
120.0,121.0,109.0,89.0
120.0,122.0,109.0,89.0
121.0,122.0,109.0,89.0
122.0,123.0,109.0,89.0
122.0,123.0,109.0,89.0
123.0,123.0,109.0,89.0
124.0,122.0,109.0,89.0
124.0,122.0,109.0,89.0
125.0,122.0,109.0,89.0
125.0,122.0,109.0,89.0
126.0,122.0,109.0,89.0
126.0,122.0,109.0,89.0
127.0,123.0,109.0,89.0
128.0,123.0,109.0,89.0
128.0,123.0,109.0,89.0
128.0,123.0,109.0,89.0
129.0,123.0,109.0,89.0
130.0,123.0,109.0,89.0
131.0,123.0,109.0,89.0
132.0,123.0,109.0,89.0
132.0,122.0,109.0,89.0
132.0,122.0,109.0,89.0
137.0,126.0,102.0,82.0
137.0,126.0,102.0,82.0
138.0,126.0,102.0,82.0
138.0,126.0,102.0,82.0
139.0,125.0,102.0,82.0
139.0,125.0,102.0,82.0
140.0,124.0,102.0,82.0
140.0,124.0,102.0,82.0
142.0,126.0,102.0,82.0
142.0,126.0,102.0,82.0
142.0,126.0,102.0,82.0
143.0,127.0,102.0,82.0
143.0,126.0,102.0,82.0
144.0,126.0,102.0,82.0
145.0,127.0,102.0,82.0
145.0,127.0,102.0,82.0
146.0,128.0,102.0,82.0
146.0,128.0,102.0,82.0
147.0,128.0,102.0,82.0
147.0,131.0,102.0,82.0
147.0,130.0,102.0,82.0
182.0,147.0,102.0,82.0
151.0,132.0,102.0,82.0
149.0,130.0,102.0,82.0
149.0,132.0,102.0,82.0
149.0,131.0,102.0,82.0
150.0,131.0,102.0,82.0
150.0,132.0,102.0,82.0
151.0,131.0,102.0,82.0
151.0,131.0,102.0,82.0
151.0,130.0,102.0,82.0
151.0,130.0,102.0,82.0
152.0,129.0,102.0,82.0
153.0,129.0,102.0,82.0
153.0,130.0,102.0,82.0
154.0,130.0,102.0,82.0
153.0,129.0,102.0,82.0
154.0,129.0,102.0,82.0
154.0,129.0,102.0,82.0
161.0,135.0,87.0,67.0
161.0,135.0,87.0,67.0
161.0,135.0,87.0,67.0
162.0,135.0,87.0,67.0
163.0,134.0,87.0,67.0
163.0,134.0,87.0,67.0
164.0,136.0,87.0,67.0
164.0,136.0,87.0,67.0
164.0,136.0,87.0,67.0
164.0,137.0,87.0,67.0
164.0,137.0,87.0,67.0
164.0,137.0,87.0,67.0
165.0,136.0,87.0,67.0