73,126,29,23
72.0,125.0,29,23
74.0,126.0,29,23
75.0,126.0,29,23
75.0,125.0,29,23
76.0,125.0,29,23
77.0,125.0,29,23
77.0,125.0,29,23
78.0,125.0,29,23
79.0,124.0,29,23
79.0,124.0,29,23
79.0,124.0,29,23
80.0,124.0,29,23
81.0,123.0,29,23
81.0,123.0,29,23
82.0,122.0,29,23
83.0,122.0,29,23
83.0,122.0,29,23
83.0,122.0,29,23
84.0,122.0,29,23
84.0,122.0,29,23
85.0,122.0,29,23
86.0,122.0,29,23
86.0,122.0,29,23
87.0,122.0,29,23
87.0,122.0,29,23
87.0,123.0,29,23
88.0,123.0,29,23
88.0,123.0,29,23
89.0,123.0,29,23
89.0,123.0,29,23
90.0,123.0,29,23
90.0,123.0,29,23
90.0,123.0,29,23
91.0,123.0,29,23
91.0,123.0,29,23
91.0,123.0,29,23
92.0,123.0,29,23
92.0,123.0,29,23
92.0,124.0,29,23
92.0,124.0,29,23
93.0,124.0,29,23
93.0,125.0,29,23
93.0,126.0,29,23
94.0,126.0,29,23
94.0,127.0,29,23
94.0,127.0,29,23
94.0,127.0,29,23
95.0,127.0,29,23
95.0,128.0,29,23
95.0,128.0,29,23
95.0,128.0,29,23
96.0,127.0,29,23
96.0,127.0,29,23
96.0,127.0,29,23
96.0,127.0,29,23
97.0,127.0,29,23
97.0,126.0,29,23
97.0,126.0,29,23
98.0,126.0,29,23
98.0,126.0,29,23
98.0,126.0,29,23
98.0,126.0,29,23
98.0,126.0,29,23
99.0,126.0,29,23
99.0,125.0,29,23
99.0,125.0,29,23
99.0,125.0,29,23
100.0,125.0,29,23
100.0,125.0,29,23
100.0,125.0,29,23
100.0,125.0,29,23
100.0,125.0,29,23
101.0,125.0,29,23
101.0,125.0,29,23
101.0,125.0,29,23
101.0,125.0,29,23
101.0,125.0,29,23
101.0,125.0,29,23
101.0,125.0,29,23
102.0,125.0,29,23
102.0,125.0,29,23
102.0,125.0,29,23
102.0,125.0,29,23
102.0,125.0,29,23
102.0,125.0,29,23
102.0,125.0,29,23
102.0,125.0,29,23
103.0,125.0,29,23
103.0,125.0,29,23
103.0,125.0,29,23
103.0,125.0,29,23
103.0,125.0,29,23
103.0,125.0,29,23
103.0,125.0,29,23
103.0,125.0,29,23
103.0,125.0,29,23
103.0,125.0,29,23
103.0,125.0,29,23
103.0,125.0,29,23
103.0,125.0,29,23
103.0,125.0,29,23
103.0,125.0,29,23
103.0,125.0,29,23
103.0,125.0,29,23
103.0,125.0,29,23
103.0,125.0,29,23
103.0,125.0,29,23
103.0,125.0,29,23
103.0,125.0,29,23
103.0,125.0,29,23
103.0,125.0,29,23
103.0,125.0,29,23
103.0,124.0,29,23
103.0,125.0,29,23
103.0,125.0,29,23
103.0,124.0,29,23
103.0,124.0,29,23
103.0,124.0,29,23
103.0,124.0,29,23
103.0,123.0,29,23
103.0,123.0,29,23
103.0,123.0,29,23
103.0,123.0,29,23
103.0,123.0,29,23
103.0,123.0,29,23
103.0,123.0,29,23
103.0,123.0,29,23
103.0,123.0,29,23
103.0,123.0,29,23
103.0,123.0,29,23
103.0,123.0,29,23
103.0,123.0,29,23
103.0,124.0,29,23
103.0,124.0,29,23
103.0,124.0,29,23
103.0,124.0,29,23
103.0,124.0,29,23
103.0,124.0,29,23
103.0,124.0,29,23
103.0,124.0,29,23
103.0,123.0,29,23
103.0,123.0,29,23
103.0,123.0,29,23
103.0,123.0,29,23
103.0,123.0,29,23
103.0,123.0,29,23
103.0,123.0,29,23
103.0,123.0,29,23
103.0,123.0,29,23
103.0,123.0,29,23
103.0,123.0,29,23
103.0,123.0,29,23
103.0,123.0,29,23
103.0,123.0,29,23
103.0,123.0,29,23
103.0,123.0,29,23
103.0,123.0,29,23
103.0,123.0,29,23
103.0,123.0,29,23
103.0,124.0,29,23
103.0,124.0,29,23
103.0,124.0,29,23
103.0,124.0,29,23
103.0,124.0,29,23
103.0,124.0,29,23
103.0,124.0,29,23
103.0,124.0,29,23
103.0,124.0,29,23
103.0,124.0,29,23
103.0,124.0,29,23
103.0,124.0,29,23
104.0,124.0,29,23
103.0,124.0,29,23
104.0,123.0,29,23
104.0,123.0,29,23
104.0,123.0,29,23
104.0,123.0,29,23
104.0,123.0,29,23
104.0,123.0,29,23
104.0,123.0,29,23
104.0,123.0,29,23
104.0,124.0,29,23
104.0,123.0,29,23
104.0,124.0,29,23
105.0,124.0,29,23
105.0,124.0,29,23
105.0,124.0,29,23
105.0,124.0,29,23
105.0,124.0,29,23
105.0,125.0,29,23
105.0,125.0,29,23
105.0,125.0,29,23
105.0,124.0,29,23
105.0,124.0,29,23
106.0,124.0,29,23
106.0,124.0,29,23
106.0,124.0,29,23
106.0,123.0,29,23
106.0,123.0,29,23
106.0,123.0,29,23
106.0,123.0,29,23
106.0,123.0,29,23
106.0,123.0,29,23
107.0,123.0,29,23
107.0,123.0,29,23
107.0,123.0,29,23
107.0,123.0,29,23
107.0,123.0,29,23
107.0,123.0,29,23
108.0,123.0,29,23
108.0,123.0,29,23
108.0,123.0,29,23
108.0,123.0,29,23
108.0,124.0,29,23
108.0,124.0,29,23
108.0,124.0,29,23
109.0,124.0,29,23
109.0,124.0,29,23
109.0,124.0,29,23
109.0,124.0,29,23
109.0,125.0,29,23
109.0,124.0,29,23
109.0,124.0,29,23
110.0,124.0,29,23
110.0,124.0,29,23
110.0,124.0,29,23
110.0,123.0,29,23
110.0,123.0,29,23
111.0,123.0,29,23
111.0,122.0,29,23
111.0,122.0,29,23
112.0,122.0,29,23
112.0,122.0,29,23
112.0,122.0,29,23
112.0,122.0,29,23
112.0,122.0,29,23
113.0,122.0,29,23
113.0,122.0,29,23
113.0,122.0,29,23
114.0,122.0,29,23
114.0,123.0,29,23
115.0,123.0,29,23
115.0,123.0,29,23
116.0,123.0,29,23
116.0,123.0,29,23
116.0,123.0,29,23
117.0,123.0,29,23
117.0,123.0,29,23
118.0,122.0,29,23
118.0,122.0,29,23
119.0,122.0,29,23
119.0,122.0,29,23
120.0,121.0,29,23
120.0,121.0,29,23
120.0,121.0,29,23
121.0,121.0,29,23
121.0,121.0,29,23
122.0,121.0,29,23
123.0,121.0,29,23
123.0,121.0,29,23
124.0,121.0,29,23
124.0,121.0,29,23
125.0,121.0,29,23
125.0,121.0,29,23
126.0,121.0,29,23
127.0,121.0,29,23
127.0,121.0,29,23
127.0,121.0,29,23
128.0,121.0,29,23
128.0,121.0,29,23
129.0,121.0,29,23
130.0,121.0,29,23
130.0,121.0,29,23
131.0,120.0,29,23
132.0,119.0,29,23
132.0,119.0,29,23
133.0,118.0,29,23
133.0,118.0,29,23
134.0,117.0,29,23
135.0,117.0,29,23
135.0,117.0,29,23
136.0,117.0,29,23
136.0,117.0,29,23
137.0,117.0,29,23
137.0,118.0,29,23
137.0,118.0,29,23
138.0,118.0,29,23
138.0,118.0,29,23
139.0,119.0,29,23
139.0,118.0,29,23
140.0,118.0,29,23
140.0,118.0,29,23
140.0,118.0,29,23
141.0,118.0,29,23
141.0,118.0,29,23
141.0,118.0,29,23
142.0,118.0,29,23
142.0,117.0,29,23
143.0,117.0,29,23
143.0,117.0,29,23
143.0,117.0,29,23
143.0,117.0,29,23
144.0,117.0,29,23
144.0,117.0,29,23
144.0,118.0,29,23
144.0,118.0,29,23
144.0,119.0,29,23
144.0,119.0,29,23
144.0,120.0,29,23
144.0,121.0,29,23
144.0,122.0,29,23
144.0,123.0,29,23
144.0,123.0,29,23
144.0,124.0,29,23
144.0,124.0,29,23
144.0,125.0,29,23
144.0,124.0,29,23
143.0,125.0,29,23
143.0,124.0,29,23
143.0,123.0,29,23
142.0,122.0,29,23
142.0,121.0,29,23
141.0,121.0,29,23
141.0,120.0,29,23
140.0,120.0,29,23
140.0,119.0,29,23
139.0,119.0,29,23
139.0,119.0,29,23
138.0,118.0,29,23
137.0,118.0,29,23
137.0,119.0,29,23
136.0,118.0,29,23
135.0,119.0,29,23
135.0,119.0,29,23
134.0,120.0,29,23
133.0,121.0,29,23
133.0,122.0,29,23
132.0,123.0,29,23
131.0,123.0,29,23
130.0,123.0,29,23
129.0,124.0,29,23
128.0,124.0,29,23
128.0,124.0,29,23
127.0,125.0,29,23
126.0,125.0,29,23
125.0,126.0,29,23
124.0,126.0,29,23
122.0,126.0,29,23
121.0,127.0,29,23
120.0,127.0,29,23
119.0,127.0,29,23
118.0,127.0,29,23
117.0,128.0,29,23
116.0,128.0,29,23
115.0,128.0,29,23
114.0,128.0,29,23
113.0,128.0,29,23
112.0,128.0,29,23
111.0,128.0,29,23
109.0,128.0,29,23
108.0,128.0,29,23
107.0,127.0,29,23
106.0,127.0,29,23
105.0,127.0,29,23
103.0,127.0,29,23
102.0,126.0,29,23
101.0,126.0,29,23
100.0,126.0,29,23
99.0,126.0,29,23
97.0,126.0,29,23
96.0,127.0,29,23
95.0,127.0,29,23
93.0,127.0,29,23
92.0,127.0,29,23
91.0,127.0,29,23
89.0,127.0,29,23
88.0,127.0,29,23
87.0,127.0,29,23
85.0,127.0,29,23
84.0,127.0,29,23
83.0,127.0,29,23
81.0,127.0,29,23
80.0,127.0,29,23
79.0,127.0,29,23
78.0,128.0,29,23
77.0,128.0,29,23
75.0,128.0,29,23
74.0,128.0,29,23
72.0,128.0,29,23
71.0,129.0,29,23
70.0,129.0,29,23
69.0,129.0,29,23