340,358,18,55
339.0,357.0,18,55
339.0,358.0,18,55
338.0,359.0,18,55
336.0,359.0,18,55
335.0,359.0,18,55
334.0,359.0,18,55
331.0,358.0,18,55
328.0,357.0,18,55
325.0,357.0,18,55
323.0,358.0,18,55
321.0,359.0,18,55
319.0,360.0,18,55
316.0,360.0,18,55
315.0,362.0,18,55
315.0,362.0,18,55
312.0,363.0,18,55
310.0,364.0,18,55
308.0,366.0,18,55
307.0,366.0,18,55
307.0,367.0,18,55
307.0,369.0,18,55
307.0,370.0,18,55
306.0,370.0,18,55
306.0,372.0,18,55
304.0,372.0,18,55
302.0,372.0,18,55
301.0,374.0,18,55
299.0,375.0,18,55
299.0,377.0,18,55
298.0,377.0,18,55
297.0,378.0,18,55
297.0,379.0,18,55
297.0,379.0,18,55
298.0,379.0,18,55
299.0,379.0,18,55
299.0,379.0,18,55
299.0,379.0,18,55
300.0,379.0,18,55
300.0,380.0,18,55
298.0,378.0,18,55
297.0,377.0,18,55
296.0,378.0,18,55
296.0,377.0,18,55
295.0,377.0,18,55
293.0,377.0,18,55
293.0,377.0,18,55
293.0,377.0,18,55
292.0,376.0,18,55
293.0,376.0,18,55
293.0,376.0,18,55
293.0,375.0,18,55
294.0,377.0,18,55
293.0,378.0,18,55
292.0,378.0,18,55
292.0,378.0,18,55
291.0,379.0,18,55
290.0,380.0,18,55
289.0,381.0,18,55
287.0,382.0,18,55
285.0,383.0,18,55
284.0,385.0,18,55
282.0,386.0,18,55
280.0,386.0,18,55
279.0,388.0,18,55
278.0,388.0,18,55
277.0,386.0,18,55
276.0,385.0,18,55
275.0,385.0,18,55
275.0,383.0,18,55
273.0,382.0,18,55
273.0,381.0,18,55
275.0,379.0,18,55
274.0,376.0,18,55
272.0,374.0,18,55
270.0,373.0,18,55
269.0,373.0,18,55
268.0,372.0,18,55
266.0,371.0,18,55
266.0,371.0,18,55
266.0,371.0,18,55
267.0,372.0,18,55
266.0,373.0,18,55
266.0,374.0,18,55
265.0,374.0,18,55
264.0,373.0,18,55
262.0,372.0,18,55
262.0,371.0,18,55
260.0,369.0,18,55
259.0,369.0,18,55
258.0,369.0,18,55
255.0,369.0,18,55
255.0,370.0,18,55
254.0,368.0,18,55
253.0,367.0,18,55
251.0,366.0,18,55
250.0,366.0,18,55
250.0,365.0,18,55
250.0,364.0,18,55
249.0,364.0,18,55
249.0,364.0,18,55
248.0,364.0,18,55
248.0,364.0,18,55
247.0,363.0,18,55
246.0,363.0,18,55
245.0,364.0,18,55
244.0,365.0,18,55
243.0,364.0,18,55
242.0,365.0,18,55
241.0,366.0,18,55
240.0,366.0,18,55
240.0,364.0,18,55
241.0,363.0,18,55
242.0,362.0,18,55
247.0,360.0,18,55
249.0,355.0,18,55
252.0,351.0,18,55
251.0,350.0,18,55
251.0,351.0,18,55
251.0,351.0,18,55
252.0,350.0,18,55
254.0,350.0,18,55
255.0,352.0,18,55
257.0,352.0,18,55
259.0,353.0,18,55
260.0,352.0,18,55
262.0,352.0,18,55
263.0,352.0,18,55
263.0,351.0,18,55
262.0,352.0,18,55
261.0,353.0,18,55
262.0,353.0,18,55
262.0,353.0,18,55
263.0,354.0,18,55
263.0,354.0,18,55
263.0,353.0,18,55
262.0,351.0,18,55
262.0,350.0,18,55
262.0,349.0,18,55
263.0,348.0,18,55
263.0,347.0,18,55
263.0,347.0,18,55
261.0,348.0,18,55
260.0,349.0,18,55
260.0,349.0,18,55
260.0,349.0,18,55
261.0,349.0,18,55
261.0,351.0,18,55
259.0,354.0,18,55
257.0,357.0,18,55
255.0,358.0,18,55
252.0,358.0,18,55
249.0,359.0,18,55
246.0,360.0,18,55
244.0,359.0,18,55
244.0,358.0,18,55
244.0,357.0,18,55
244.0,357.0,18,55
243.0,357.0,18,55
242.0,358.0,18,55
241.0,359.0,18,55
240.0,360.0,18,55
238.0,362.0,18,55
238.0,361.0,18,55
237.0,360.0,18,55
236.0,360.0,18,55
234.0,362.0,18,55
233.0,360.0,18,55
231.0,359.0,18,55
229.0,358.0,18,55
227.0,357.0,18,55
225.0,356.0,18,55
224.0,353.0,18,55
222.0,351.0,18,55
221.0,351.0,18,55
220.0,352.0,18,55
218.0,348.0,18,55
216.0,346.0,18,55
218.0,346.0,18,55
217.0,345.0,18,55
216.0,346.0,18,55
214.0,349.0,18,55
214.0,350.0,18,55
213.0,350.0,18,55
212.0,350.0,18,55
209.0,350.0,18,55
207.0,351.0,18,55
206.0,352.0,18,55
204.0,352.0,18,55
202.0,350.0,18,55
199.0,350.0,18,55
197.0,352.0,18,55
195.0,352.0,18,55
194.0,350.0,18,55
192.0,351.0,18,55
190.0,354.0,18,55
188.0,358.0,18,55
187.0,358.0,18,55
185.0,359.0,18,55
182.0,358.0,18,55
181.0,358.0,18,55
179.0,360.0,18,55
177.0,365.0,18,55
174.0,364.0,18,55
173.0,364.0,18,55
174.0,366.0,18,55
174.0,369.0,18,55
172.0,368.0,18,55
171.0,366.0,18,55
170.0,368.0,18,55
166.0,372.0,18,55
164.0,371.0,18,55
163.0,369.0,18,55
161.0,373.0,18,55
157.0,377.0,18,55
155.0,369.0,18,55
154.0,362.0,18,55
148.0,367.0,18,55
149.0,361.0,18,55
151.0,354.0,18,55
155.0,353.0,18,55
160.0,354.0,18,55
167.0,352.0,18,55
177.0,349.0,18,55
187.0,344.0,18,55
192.0,329.0,20.0,57.0
198.0,328.0,23.0,60.0
206.0,334.0,23.0,60.0
214.0,339.0,23.0,60.0
220.0,343.0,20.0,57.0
222.0,345.0,23.0,60.0
225.0,344.0,28.0,65.0
231.0,351.0,20.0,57.0
230.0,352.0,23.0,60.0
230.0,354.0,28.0,65.0
234.0,362.0,23.0,60.0
233.0,360.0,28.0,65.0
235.0,360.0,33.0,70.0
244.0,367.0,23.0,60.0
247.0,367.0,28.0,65.0
249.0,367.0,33.0,70.0
262.0,367.0,20.0,57.0
259.0,355.0,28.0,65.0
253.0,344.0,38.0,75.0
253.0,339.0,28.0,65.0
246.0,328.0,33.0,70.0
240.0,316.0,38.0,75.0
242.0,310.0,28.0,65.0
245.0,302.0,28.0,65.0
239.0,289.0,38.0,75.0
247.0,299.0,28.0,65.0
244.0,292.0,33.0,70.0
246.0,280.0,38.0,75.0
252.0,287.0,38.0,75.0
259.0,298.0,33.0,70.0
265.0,298.0,28.0,65.0
272.0,291.0,28.0,65.0
282.0,292.0,28.0,65.0
290.0,301.0,20.0,57.0
289.0,300.0,28.0,65.0
292.0,304.0,28.0,65.0
290.0,303.0,33.0,70.0
292.0,311.0,28.0,65.0
289.0,314.0,28.0,65.0
286.0,311.0,23.0,60.0
282.0,309.0,23.0,60.0
278.0,309.0,23.0,60.0
273.0,303.0,23.0,60.0
268.0,294.0,28.0,65.0
266.0,296.0,23.0,60.0
261.0,291.0,33.0,70.0
267.0,292.0,28.0,65.0
275.0,294.0,33.0,70.0
281.0,286.0,33.0,70.0
287.0,277.0,33.0,70.0
290.0,273.0,33.0,70.0
294.0,266.0,33.0,70.0
300.0,257.0,38.0,75.0
311.0,259.0,20.0,57.0
308.0,258.0,28.0,65.0
302.0,262.0,38.0,75.0
307.0,269.0,33.0,70.0
316.0,272.0,28.0,65.0
318.0,275.0,28.0,65.0
313.0,273.0,38.0,75.0
314.0,274.0,33.0,70.0
317.0,273.0,33.0,70.0
317.0,270.0,33.0,70.0
313.0,272.0,33.0,70.0
306.0,274.0,33.0,70.0
301.0,275.0,33.0,70.0
299.0,277.0,28.0,65.0
294.0,272.0,33.0,70.0
294.0,268.0,28.0,65.0
292.0,266.0,28.0,65.0
285.0,272.0,23.0,60.0
281.0,279.0,20.0,57.0
273.0,274.0,28.0,65.0
271.0,276.0,28.0,65.0
270.0,283.0,23.0,60.0
270.0,280.0,23.0,60.0
267.0,277.0,33.0,70.0
264.0,278.0,33.0,70.0
262.0,279.0,33.0,70.0
264.0,276.0,23.0,60.0
255.0,267.0,33.0,70.0
253.0,264.0,28.0,65.0
254.0,265.0,33.0,70.0
260.0,270.0,33.0,70.0
268.0,273.0,38.0,75.0
274.0,276.0,38.0,75.0
279.0,280.0,38.0,75.0
266.0,304.0,38.0,75.0
277.0,347.0,38.0,75.0
283.0,367.0,38.0,75.0
296.0,382.0,20.0,57.0
301.0,386.0,20.0,57.0
300.0,385.0,20.0,57.0
297.0,388.0,28.0,65.0
298.0,394.0,28.0,65.0
301.0,396.0,28.0,65.0
302.0,400.0,28.0,65.0
303.0,402.0,28.0,65.0
304.0,405.0,28.0,65.0
309.0,416.0,23.0,60.0
305.0,420.0,28.0,65.0
296.0,417.0,38.0,75.0
301.0,428.0,20.0,57.0
295.0,429.0,28.0,65.0
292.0,432.0,28.0,65.0
288.0,440.0,28.0,65.0
283.0,448.0,28.0,65.0
280.0,447.0,28.0,65.0
281.0,444.0,28.0,65.0
282.0,443.0,23.0,60.0
278.0,435.0,28.0,65.0
291.0,463.0,33.0,70.0
291.0,461.0,33.0,70.0
306.0,449.0,38.0,75.0
305.0,442.0,38.0,75.0
214.0,333.0,38.0,75.0
217.0,316.0,38.0,75.0
221.0,314.0,38.0,75.0
227.0,313.0,38.0,75.0
239.0,324.0,23.0,60.0
243.0,327.0,23.0,60.0
247.0,330.0,23.0,60.0
252.0,336.0,23.0,60.0
255.0,341.0,23.0,60.0
260.0,342.0,23.0,60.0
263.0,349.0,23.0,60.0
266.0,354.0,20.0,57.0
269.0,351.0,20.0,57.0
272.0,349.0,20.0,57.0
275.0,344.0,20.0,57.0
278.0,340.0,20.0,57.0
282.0,339.0,20.0,57.0
286.0,338.0,20.0,57.0
290.0,333.0,23.0,60.0
300.0,331.0,20.0,57.0
304.0,329.0,28.0,65.0
315.0,327.0,28.0,65.0
327.0,326.0,28.0,65.0
339.0,325.0,28.0,65.0
338.0,349.0,28.0,65.0
358.0,359.0,28.0,65.0
376.0,365.0,23.0,60.0
390.0,367.0,23.0,60.0
388.0,387.0,20.0,57.0
378.0,400.0,20.0,57.0
385.0,403.0,28.0,65.0
395.0,405.0,28.0,65.0
404.0,403.0,28.0,65.0
417.0,399.0,28.0,65.0
433.0,394.0,28.0,65.0
446.0,390.0,28.0,65.0
455.0,393.0,28.0,65.0
460.0,400.0,28.0,65.0
464.0,401.0,28.0,65.0
471.0,402.0,20.0,57.0
471.0,399.0,20.0,57.0
469.0,404.0,20.0,57.0
464.0,408.0,20.0,57.0
452.0,405.0,20.0,57.0
443.0,407.0,20.0,57.0
447.0,401.0,38.0,75.0
398.0,387.0,38.0,75.0
397.0,414.0,20.0,57.0
402.0,451.0,20.0,57.0
392.0,450.0,20.0,57.0
383.0,452.0,20.0,57.0
376.0,451.0,20.0,57.0
370.0,455.0,20.0,57.0
364.0,462.0,20.0,57.0
362.0,462.0,20.0,57.0
361.0,476.0,20.0,57.0
358.0,479.0,20.0,57.0
356.0,480.0,20.0,57.0
283.0,447.0,20.0,57.0
289.0,417.0,23.0,60.0
284.0,420.0,23.0,60.0
282.0,423.0,23.0,60.0
282.0,428.0,23.0,60.0
279.0,428.0,23.0,60.0
280.0,429.0,23.0,60.0
280.0,432.0,23.0,60.0
283.0,435.0,20.0,57.0
285.0,436.0,20.0,57.0
285.0,437.0,20.0,57.0
285.0,436.0,20.0,57.0
287.0,437.0,20.0,57.0
288.0,439.0,20.0,57.0
290.0,434.0,20.0,57.0
290.0,429.0,20.0,57.0
289.0,426.0,20.0,57.0
288.0,423.0,20.0,57.0
288.0,422.0,20.0,57.0
287.0,421.0,20.0,57.0
287.0,419.0,20.0,57.0
285.0,414.0,20.0,57.0
285.0,443.0,20.0,57.0
282.0,446.0,20.0,57.0
280.0,444.0,20.0,57.0
285.0,464.0,20.0,57.0
295.0,418.0,28.0,65.0
290.0,421.0,33.0,70.0
292.0,430.0,28.0,65.0
293.0,434.0,28.0,65.0
291.0,434.0,28.0,65.0
290.0,435.0,28.0,65.0
296.0,453.0,28.0,65.0
298.0,455.0,28.0,65.0
307.0,458.0,28.0,65.0
313.0,461.0,20.0,57.0
309.0,464.0,28.0,65.0
298.0,453.0,28.0,65.0
315.0,412.0,28.0,65.0
314.0,412.0,38.0,75.0
301.0,341.0,38.0,75.0
303.0,303.0,38.0,75.0
303.0,305.0,38.0,75.0
314.0,314.0,20.0,57.0
316.0,307.0,20.0,57.0
317.0,294.0,20.0,57.0
321.0,282.0,23.0,60.0
329.0,268.0,28.0,65.0
335.0,258.0,28.0,65.0
346.0,244.0,33.0,70.0
362.0,233.0,28.0,65.0
377.0,219.0,33.0,70.0
396.0,211.0,28.0,65.0
411.0,215.0,23.0,60.0
419.0,220.0,23.0,60.0
427.0,223.0,23.0,60.0
431.0,227.0,28.0,65.0
439.0,234.0,23.0,60.0
439.0,233.0,28.0,65.0
441.0,240.0,28.0,65.0
441.0,250.0,33.0,70.0
446.0,256.0,28.0,65.0
450.0,253.0,28.0,65.0
458.0,257.0,23.0,60.0
467.0,257.0,23.0,60.0
473.0,249.0,28.0,65.0
382.0,140.0,28.0,65.0
381.0,98.0,33.0,70.0
392.0,144.0,33.0,70.0
397.0,149.0,33.0,70.0
398.0,105.0,38.0,75.0
403.0,111.0,38.0,75.0
426.0,141.0,38.0,75.0
443.0,127.0,38.0,75.0
370.0,18.0,38.0,75.0
372.0,-12.0,38.0,75.0
375.0,-11.0,38.0,75.0
383.0,-7.0,33.0,70.0
387.0,-10.0,33.0,70.0
395.0,-7.0,28.0,65.0
286.0,-6.0,28.0,65.0
288.0,-19.0,28.0,65.0
286.0,-15.0,28.0,65.0
287.0,-8.0,28.0,65.0
297.0,-3.0,20.0,57.0
307.0,4.0,20.0,57.0
315.0,12.0,23.0,60.0
323.0,10.0,33.0,70.0
333.0,9.0,33.0,70.0
347.0,17.0,23.0,60.0
356.0,24.0,23.0,60.0
366.0,23.0,23.0,60.0
372.0,18.0,23.0,60.0
375.0,14.0,23.0,60.0
370.0,13.0,23.0,60.0
351.0,10.0,28.0,65.0
339.0,18.0,28.0,65.0
328.0,23.0,28.0,65.0
309.0,32.0,28.0,65.0
304.0,18.0,28.0,65.0
298.0,28.0,20.0,57.0
288.0,37.0,20.0,57.0
282.0,43.0,20.0,57.0
279.0,50.0,20.0,57.0
278.0,56.0,20.0,57.0
280.0,63.0,23.0,60.0
276.0,67.0,23.0,60.0
282.0,71.0,23.0,60.0
291.0,72.0,23.0,60.0
296.0,66.0,23.0,60.0
308.0,60.0,23.0,60.0
317.0,40.0,23.0,60.0
319.0,28.0,20.0,57.0
316.0,24.0,20.0,57.0
304.0,19.0,20.0,57.0
289.0,18.0,20.0,57.0
293.0,19.0,20.0,57.0
293.0,7.0,23.0,60.0
305.0,3.0,20.0,57.0
315.0,2.0,20.0,57.0
325.0,-4.0,20.0,57.0
339.0,-10.0,20.0,57.0
340.0,-18.0,33.0,70.0
231.0,49.0,33.0,70.0
238.0,20.0,23.0,60.0
232.0,16.0,23.0,60.0
245.0,20.0,23.0,60.0
257.0,21.0,23.0,60.0
268.0,24.0,23.0,60.0
278.0,34.0,23.0,60.0
280.0,41.0,23.0,60.0
283.0,51.0,23.0,60.0
289.0,57.0,23.0,60.0
293.0,55.0,23.0,60.0
295.0,58.0,23.0,60.0
299.0,62.0,23.0,60.0
310.0,56.0,23.0,60.0
314.0,46.0,33.0,70.0
217.0,11.0,33.0,70.0
224.0,25.0,33.0,70.0
240.0,34.0,33.0,70.0
263.0,-8.0,33.0,70.0
270.0,21.0,33.0,70.0
283.0,37.0,33.0,70.0
272.0,60.0,38.0,75.0
291.0,2.0,23.0,60.0
286.0,15.0,23.0,60.0
296.0,13.0,23.0,60.0
305.0,16.0,23.0,60.0
312.0,22.0,23.0,60.0
318.0,25.0,23.0,60.0
321.0,28.0,23.0,60.0
323.0,31.0,23.0,60.0
326.0,39.0,23.0,60.0
323.0,44.0,23.0,60.0
317.0,46.0,23.0,60.0
314.0,51.0,23.0,60.0
304.0,52.0,23.0,60.0
294.0,58.0,23.0,60.0
282.0,66.0,23.0,60.0
272.0,69.0,20.0,57.0
263.0,74.0,20.0,57.0
253.0,77.0,20.0,57.0
246.0,76.0,20.0,57.0
245.0,77.0,20.0,57.0
242.0,80.0,20.0,57.0
242.0,84.0,20.0,57.0
241.0,90.0,20.0,57.0
238.0,97.0,20.0,57.0
240.0,99.0,20.0,57.0
243.0,98.0,20.0,57.0
243.0,92.0,20.0,57.0
244.0,89.0,20.0,57.0
249.0,88.0,20.0,57.0
252.0,81.0,20.0,57.0
257.0,75.0,20.0,57.0
258.0,73.0,20.0,57.0
255.0,75.0,20.0,57.0
252.0,79.0,20.0,57.0
249.0,75.0,20.0,57.0
246.0,73.0,20.0,57.0
240.0,77.0,20.0,57.0
231.0,83.0,20.0,57.0
223.0,86.0,20.0,57.0
217.0,88.0,20.0,57.0
207.0,83.0,20.0,57.0
200.0,82.0,20.0,57.0
191.0,87.0,20.0,57.0
180.0,82.0,20.0,57.0
173.0,76.0,20.0,57.0
170.0,77.0,20.0,57.0
161.0,78.0,20.0,57.0
156.0,76.0,20.0,57.0
151.0,77.0,20.0,57.0
147.0,78.0,20.0,57.0
143.0,74.0,20.0,57.0
139.0,73.0,20.0,57.0
133.0,72.0,20.0,57.0
133.0,72.0,20.0,57.0
132.0,70.0,20.0,57.0
131.0,68.0,20.0,57.0
133.0,71.0,20.0,57.0
136.0,76.0,20.0,57.0
140.0,80.0,20.0,57.0
144.0,85.0,20.0,57.0
152.0,89.0,20.0,57.0
159.0,92.0,20.0,57.0
169.0,93.0,20.0,57.0
179.0,94.0,20.0,57.0
188.0,93.0,20.0,57.0
198.0,93.0,20.0,57.0
206.0,94.0,20.0,57.0
215.0,93.0,20.0,57.0
224.0,90.0,20.0,57.0
231.0,91.0,20.0,57.0
238.0,92.0,20.0,57.0
245.0,89.0,20.0,57.0
248.0,89.0,20.0,57.0
252.0,89.0,20.0,57.0
256.0,88.0,20.0,57.0
262.0,86.0,20.0,57.0
266.0,82.0,20.0,57.0
272.0,83.0,20.0,57.0
279.0,83.0,20.0,57.0
287.0,83.0,20.0,57.0
292.0,87.0,20.0,57.0
296.0,87.0,20.0,57.0
304.0,87.0,20.0,57.0
310.0,91.0,20.0,57.0
316.0,91.0,20.0,57.0
324.0,89.0,20.0,57.0
333.0,91.0,20.0,57.0
340.0,96.0,20.0,57.0
347.0,99.0,20.0,57.0
354.0,99.0,20.0,57.0
361.0,102.0,20.0,57.0
366.0,109.0,20.0,57.0
370.0,114.0,20.0,57.0
375.0,114.0,20.0,57.0
382.0,112.0,20.0,57.0
387.0,116.0,20.0,57.0
391.0,121.0,20.0,57.0
393.0,120.0,20.0,57.0
397.0,122.0,20.0,57.0
402.0,130.0,20.0,57.0
407.0,132.0,20.0,57.0
412.0,128.0,20.0,57.0
417.0,126.0,20.0,57.0
424.0,129.0,20.0,57.0
430.0,129.0,20.0,57.0
437.0,124.0,20.0,57.0
444.0,120.0,20.0,57.0
451.0,118.0,20.0,57.0
459.0,120.0,20.0,57.0
463.0,124.0,20.0,57.0
470.0,122.0,20.0,57.0
477.0,121.0,20.0,57.0
477.0,126.0,23.0,60.0
466.0,133.0,28.0,65.0
455.0,149.0,23.0,60.0
435.0,139.0,28.0,65.0
432.0,137.0,28.0,65.0
431.0,139.0,28.0,65.0
432.0,135.0,28.0,65.0
434.0,129.0,28.0,65.0
435.0,135.0,28.0,65.0
436.0,140.0,28.0,65.0
440.0,137.0,28.0,65.0
444.0,139.0,28.0,65.0
451.0,142.0,28.0,65.0
434.0,141.0,28.0,65.0
438.0,144.0,28.0,65.0
445.0,150.0,28.0,65.0
457.0,151.0,28.0,65.0
448.0,144.0,28.0,65.0
375.0,187.0,28.0,65.0
368.0,141.0,33.0,70.0
365.0,148.0,33.0,70.0
359.0,102.0,33.0,70.0
310.0,163.0,33.0,70.0
301.0,105.0,38.0,75.0
300.0,112.0,28.0,65.0
297.0,116.0,23.0,60.0
287.0,108.0,33.0,70.0
279.0,102.0,38.0,75.0
276.0,112.0,28.0,65.0
272.0,115.0,28.0,65.0
267.0,113.0,28.0,65.0
264.0,112.0,28.0,65.0
260.0,112.0,28.0,65.0
257.0,104.0,28.0,65.0
256.0,102.0,23.0,60.0
250.0,105.0,28.0,65.0
246.0,108.0,28.0,65.0
246.0,103.0,23.0,60.0
244.0,100.0,28.0,65.0
247.0,110.0,20.0,57.0
247.0,110.0,20.0,57.0
241.0,109.0,33.0,70.0
246.0,117.0,28.0,65.0
242.0,119.0,28.0,65.0
236.0,118.0,33.0,70.0
234.0,125.0,33.0,70.0
234.0,132.0,33.0,70.0
231.0,134.0,38.0,75.0
229.0,137.0,38.0,75.0
234.0,218.0,38.0,75.0
223.0,252.0,28.0,65.0
224.0,259.0,23.0,60.0
227.0,255.0,23.0,60.0
230.0,253.0,23.0,60.0
231.0,254.0,23.0,60.0
235.0,248.0,23.0,60.0
237.0,243.0,28.0,65.0
243.0,247.0,23.0,60.0
247.0,239.0,23.0,60.0
251.0,238.0,23.0,60.0
255.0,238.0,23.0,60.0
259.0,238.0,23.0,60.0
262.0,237.0,23.0,60.0
268.0,233.0,20.0,57.0
272.0,230.0,20.0,57.0
274.0,233.0,20.0,57.0
275.0,237.0,20.0,57.0
277.0,235.0,20.0,57.0
284.0,229.0,20.0,57.0
290.0,223.0,20.0,57.0
296.0,224.0,20.0,57.0
301.0,228.0,20.0,57.0
306.0,226.0,20.0,57.0
310.0,219.0,20.0,57.0
316.0,215.0,20.0,57.0
318.0,216.0,20.0,57.0
321.0,220.0,20.0,57.0
327.0,229.0,20.0,57.0
329.0,232.0,20.0,57.0
339.0,233.0,20.0,57.0
338.0,227.0,20.0,57.0
324.0,225.0,28.0,65.0
313.0,239.0,28.0,65.0
304.0,246.0,23.0,60.0
302.0,245.0,20.0,57.0
288.0,241.0,28.0,65.0
279.0,243.0,28.0,65.0
271.0,241.0,23.0,60.0
266.0,249.0,28.0,65.0
260.0,253.0,23.0,60.0
250.0,250.0,28.0,65.0
239.0,249.0,28.0,65.0
236.0,259.0,23.0,60.0
229.0,255.0,23.0,60.0
231.0,249.0,20.0,57.0
235.0,245.0,20.0,57.0
239.0,244.0,20.0,57.0
238.0,237.0,20.0,57.0
238.0,233.0,23.0,60.0
240.0,231.0,23.0,60.0
245.0,228.0,20.0,57.0
248.0,226.0,20.0,57.0
253.0,225.0,20.0,57.0
252.0,218.0,20.0,57.0
256.0,216.0,20.0,57.0
260.0,218.0,20.0,57.0
264.0,223.0,20.0,57.0
263.0,225.0,23.0,60.0
267.0,230.0,23.0,60.0
268.0,230.0,23.0,60.0
272.0,234.0,20.0,57.0
273.0,236.0,20.0,57.0
272.0,238.0,20.0,57.0
270.0,242.0,20.0,57.0
272.0,248.0,20.0,57.0
272.0,249.0,20.0,57.0
273.0,254.0,20.0,57.0
274.0,262.0,20.0,57.0
273.0,267.0,20.0,57.0
274.0,273.0,20.0,57.0
277.0,273.0,20.0,57.0
281.0,273.0,20.0,57.0
282.0,273.0,20.0,57.0
282.0,271.0,20.0,57.0
286.0,268.0,20.0,57.0
289.0,265.0,20.0,57.0
292.0,261.0,20.0,57.0
297.0,256.0,20.0,57.0
303.0,255.0,20.0,57.0
307.0,254.0,20.0,57.0
310.0,252.0,20.0,57.0
313.0,251.0,20.0,57.0
314.0,249.0,20.0,57.0
316.0,245.0,20.0,57.0
318.0,240.0,20.0,57.0
319.0,234.0,20.0,57.0
321.0,230.0,20.0,57.0