147,110,34,33
149.0,113.0,34,33
151.0,117.0,34,33
154.0,118.0,34,33
158.0,118.0,34,33
160.0,117.0,34,33
160.0,118.0,34,33
161.0,119.0,34,33
161.0,120.0,34,33
162.0,120.0,34,33
165.0,118.0,34,33
164.0,114.0,34,33
159.0,111.0,34,33
156.0,108.0,34,33
155.0,106.0,34,33
153.0,79.0,34,33
151.0,72.0,34,33
147.0,69.0,34,33
142.0,68.0,34,33
135.0,66.0,34,33
129.0,65.0,34,33
128.0,65.0,34,33
128.0,65.0,34,33
127.0,64.0,34,33
129.0,62.0,34,33
139.0,65.0,34,33
146.0,71.0,34,33
151.0,77.0,34,33
156.0,87.0,34,33
160.0,98.0,34,33
163.0,119.0,34,33
165.0,126.0,34,33
166.0,123.0,34,33
165.0,111.0,34,33
164.0,92.0,34,33
163.0,60.0,34,33
162.0,52.0,34,33
161.0,50.0,34,33
160.0,51.0,34,33
159.0,54.0,34,33
159.0,70.0,34,33
159.0,84.0,34,33
160.0,101.0,34,33
160.0,117.0,34,33
160.0,123.0,34,33
159.0,102.0,34,33
159.0,92.0,34,33
158.0,89.0,34,33
157.0,90.0,34,33
156.0,95.0,34,33
154.0,111.0,34,33
154.0,123.0,34,33
155.0,135.0,34,33
156.0,151.0,34,33
157.0,166.0,34,33
157.0,157.0,34,33
156.0,139.0,34,33
155.0,125.0,34,33
153.0,115.0,34,33
152.0,110.0,34,33
149.0,108.0,34,33
148.0,111.0,34,33
146.0,118.0,34,33
145.0,128.0,34,33
144.0,140.0,34,33
143.0,145.0,34,33
139.0,128.0,34,33
135.0,106.0,34,33
132.0,89.0,34,33
128.0,78.0,34,33
122.0,72.0,34,33
120.0,76.0,34,33
119.0,84.0,34,33
119.0,101.0,34,33
120.0,117.0,34,33
122.0,144.0,34,33
122.0,139.0,34,33
123.0,123.0,34,33
128.0,104.0,34,33
136.0,89.0,34,33
143.0,75.0,34,33
148.0,73.0,34,33
153.0,75.0,34,33
157.0,81.0,34,33
160.0,88.0,34,33
170.0,110.0,34,33
172.0,119.0,34,33
173.0,113.0,34,33
173.0,97.0,34,33
175.0,84.0,34,33
179.0,73.0,34,33
179.0,72.0,34,33
179.0,77.0,34,33
179.0,86.0,34,33
180.0,99.0,34,33
178.0,134.0,34,33
175.0,143.0,34,33
172.0,135.0,34,33
168.0,119.0,34,33
164.0,109.0,34,33
161.0,99.0,34,33
158.0,96.0,34,33
156.0,98.0,34,33
154.0,103.0,34,33
154.0,111.0,34,33
151.0,131.0,34,33
148.0,128.0,34,33
142.0,112.0,34,33
136.0,95.0,34,33
133.0,86.0,34,33
128.0,80.0,34,33
124.0,81.0,34,33
121.0,87.0,34,33
120.0,95.0,34,33
120.0,108.0,34,33
123.0,130.0,34,33
122.0,124.0,34,33
121.0,110.0,34,33
121.0,99.0,34,33
125.0,93.0,34,33
130.0,91.0,34,33
131.0,95.0,34,33
134.0,103.0,34,33
139.0,113.0,34,33
147.0,126.0,34,33
159.0,145.0,34,33
162.0,137.0,34,33
166.0,119.0,34,33
169.0,106.0,34,33
171.0,97.0,34,33
173.0,88.0,34,33
172.0,89.0,34,33
170.0,95.0,34,33
167.0,104.0,34,33
165.0,117.0,34,33
163.0,133.0,34,33
162.0,124.0,34,33
161.0,108.0,34,33
160.0,97.0,34,33
160.0,90.0,34,33
159.0,85.0,34,33
157.0,88.0,34,33
155.0,94.0,34,33
153.0,104.0,34,33
152.0,114.0,34,33
151.0,121.0,34,33
151.0,110.0,34,33
148.0,93.0,34,33
143.0,84.0,34,33
137.0,81.0,34,33
125.0,90.0,34,33
122.0,99.0,34,33
121.0,111.0,34,33
119.0,126.0,34,33
117.0,143.0,34,33
118.0,152.0,34,33
119.0,141.0,34,33
120.0,129.0,34,33
123.0,122.0,34,33
128.0,119.0,34,33
138.0,120.0,34,33
143.0,125.0,34,33
149.0,133.0,34,33
156.0,145.0,34,33
161.0,160.0,34,33
170.0,161.0,34,33
173.0,146.0,34,33
176.0,133.0,34,33
182.0,124.0,34,33
188.0,118.0,34,33
192.0,116.0,34,33
192.0,120.0,34,33
191.0,128.0,34,33
187.0,138.0,34,33
180.0,150.0,34,33
165.0,144.0,34,33
158.0,124.0,34,33
151.0,104.0,34,33
145.0,90.0,34,33
141.0,81.0,34,33
137.0,76.0,34,33
136.0,81.0,34,33
136.0,90.0,34,33
137.0,102.0,34,33
138.0,118.0,34,33
139.0,113.0,34,33
140.0,102.0,34,33
141.0,96.0,34,33
143.0,92.0,34,33
146.0,92.0,34,33
153.0,104.0,34,33
155.0,114.0,34,33
155.0,126.0,34,33
156.0,142.0,34,33
156.0,159.0,34,33
157.0,152.0,34,33
157.0,139.0,34,33
156.0,132.0,34,33
156.0,132.0,34,33
156.0,134.0,34,33
155.0,145.0,34,33
155.0,155.0,34,33
156.0,169.0,34,33
157.0,186.0,34,33
158.0,204.0,34,33
159.0,198.0,34,33
159.0,183.0,34,33
159.0,170.0,34,33
159.0,160.0,34,33
159.0,150.0,34,33
158.0,140.0,34,33
157.0,141.0,34,33
158.0,145.0,34,33
158.0,154.0,34,33
159.0,166.0,34,33
161.0,152.0,34,33
158.0,158.0,49.0,48.0
161.0,141.0,49.0,48.0
165.0,131.0,44.0,43.0
165.0,125.0,44.0,43.0
161.0,123.0,49.0,48.0
160.0,130.0,49.0,48.0
159.0,143.0,49.0,48.0
161.0,159.0,49.0,48.0
160.0,174.0,49.0,48.0
153.0,162.0,49.0,48.0
149.0,148.0,49.0,48.0
150.0,141.0,44.0,43.0
153.0,156.0,44.0,43.0
186.0,175.0,44.0,43.0
191.0,179.0,44.0,43.0
190.0,187.0,44.0,43.0
189.0,197.0,44.0,43.0
190.0,210.0,44.0,43.0
192.0,215.0,44.0,43.0
187.0,223.0,44.0,43.0
186.0,223.0,36.0,35.0
180.0,216.0,49.0,48.0
185.0,214.0,49.0,48.0
191.0,213.0,49.0,48.0
206.0,96.0,49.0,48.0
213.0,122.0,49.0,48.0
219.0,130.0,49.0,48.0
231.0,137.0,36.0,35.0
232.0,137.0,36.0,35.0
236.0,136.0,36.0,35.0
238.0,134.0,36.0,35.0
240.0,133.0,36.0,35.0
242.0,132.0,36.0,35.0
244.0,132.0,36.0,35.0
249.0,131.0,36.0,35.0
253.0,130.0,36.0,35.0
255.0,129.0,36.0,35.0
257.0,129.0,36.0,35.0
256.0,128.0,39.0,38.0
257.0,127.0,39.0,38.0
257.0,126.0,39.0,38.0
253.0,126.0,39.0,38.0
247.0,127.0,39.0,38.0
244.0,129.0,36.0,35.0
236.0,128.0,39.0,38.0
232.0,127.0,39.0,38.0
229.0,127.0,39.0,38.0
224.0,127.0,39.0,38.0
220.0,128.0,39.0,38.0
220.0,129.0,36.0,35.0
217.0,129.0,39.0,38.0
214.0,131.0,39.0,38.0
215.0,133.0,36.0,35.0
214.0,134.0,36.0,35.0
212.0,136.0,36.0,35.0
210.0,137.0,36.0,35.0
207.0,138.0,36.0,35.0
203.0,139.0,36.0,35.0
196.0,141.0,36.0,35.0
175.0,149.0,36.0,35.0
173.0,150.0,36.0,35.0
172.0,150.0,36.0,35.0
171.0,151.0,36.0,35.0
169.0,150.0,39.0,38.0
178.0,150.0,36.0,35.0
181.0,149.0,36.0,35.0
185.0,148.0,36.0,35.0
191.0,144.0,36.0,35.0
198.0,141.0,36.0,35.0
203.0,134.0,39.0,38.0
207.0,130.0,39.0,38.0
211.0,127.0,39.0,38.0
214.0,125.0,39.0,38.0
218.0,124.0,39.0,38.0
223.0,125.0,36.0,35.0
219.0,124.0,39.0,38.0
220.0,125.0,36.0,35.0
216.0,124.0,39.0,38.0
217.0,124.0,36.0,35.0
217.0,125.0,36.0,35.0
213.0,125.0,39.0,38.0
214.0,127.0,36.0,35.0
211.0,127.0,39.0,38.0
206.0,126.0,44.0,43.0
196.0,129.0,44.0,43.0
195.0,133.0,39.0,38.0
195.0,135.0,36.0,35.0
193.0,136.0,36.0,35.0
192.0,139.0,36.0,35.0
193.0,147.0,36.0,35.0
195.0,151.0,36.0,35.0
197.0,157.0,36.0,35.0
197.0,161.0,36.0,35.0
197.0,165.0,36.0,35.0
196.0,169.0,36.0,35.0
196.0,170.0,36.0,35.0
196.0,171.0,36.0,35.0